001	147
001	148
001	154
001	156
001	181
001	293
001	332
002	027
002	040
002	077
002	078
002	121
002	245
002	249
002	315
002	326
002	327
003	254
003	256
004	099
004	154
004	299
004	313
005	067
005	078
005	246
006	009
006	173
006	296
007	010
007	013
007	014
007	050
007	141
007	142
007	147
007	148
007	152
007	153
007	186
007	187
007	188
007	190
007	191
007	192
007	194
007	231
008	108
008	114
008	255
008	260
008	261
008	266
008	268
009	199
010	064
011	002
011	042
011	050
011	055
011	064
011	065
011	067
011	068
011	069
011	070
011	071
011	072
011	073
011	074
011	075
011	076
011	077
011	078
011	079
011	089
011	121
011	130
011	132
011	254
011	255
011	256
011	257
011	258
011	259
011	260
011	261
011	262
011	263
011	264
011	265
011	266
011	267
011	268
011	269
011	312
011	313
011	314
011	320
011	321
011	322
011	323
011	324
011	325
011	326
011	327
011	328
011	329
011	330
011	331
011	332
011	333
011	334
011	335
011	336
011	337
012	017
013	092
013	150
013	227
013	257
013	258
013	275
013	276
013	277
013	278
013	279
013	280
013	295
013	299
013	300
013	301
013	306
014	008
014	013
014	014
014	097
014	187
014	192
016	008
016	012
016	016
016	019
016	025
016	032
016	035
016	036
016	041
016	042
016	054
016	062
016	063
016	069
016	070
016	077
016	094
016	095
016	140
016	141
016	143
016	144
016	173
016	199
016	206
016	207
016	212
016	213
016	220
016	224
016	225
016	232
016	242
016	243
016	261
016	262
016	264
016	268
016	314
016	330
017	312
018	121
021	275
021	296
022	051
022	052
022	103
022	104
022	105
022	158
023	008
023	013
023	016
023	035
023	039
023	058
023	084
023	150
023	345
025	040
025	241
026	008
026	013
027	009
027	010
027	011
027	015
027	035
027	036
027	039
027	040
027	041
027	042
027	051
027	058
027	059
027	061
027	078
027	084
027	089
027	103
027	115
027	117
027	140
027	141
027	154
027	155
027	157
027	159
027	180
027	181
027	206
027	221
027	229
027	230
027	234
027	236
027	260
027	264
027	265
027	280
027	281
027	292
027	294
027	313
029	080
029	210
030	062
030	063
030	100
030	115
030	264
032	114
033	278
033	283
033	311
033	344
034	110
036	032
036	037
036	047
036	054
036	055
036	056
036	058
036	082
036	086
036	099
036	112
036	119
036	136
036	203
037	178
038	003
038	086
038	132
039	067
039	068
039	093
039	121
039	122
039	259
039	312
041	297
041	299
041	300
042	297
042	298
042	306
043	242
043	243
044	314
044	316
044	317
044	323
044	324
044	325
044	328
044	329
044	330
044	336
046	008
046	010
046	014
046	038
046	054
046	080
046	083
046	086
046	089
046	148
046	153
046	155
046	156
046	157
046	158
046	160
046	175
046	180
046	181
046	193
046	194
046	195
046	196
046	197
046	205
046	212
046	229
046	230
046	237
046	259
046	295
046	311
047	300
047	301
047	311
047	316
047	317
047	323
047	324
047	325
047	328
047	329
047	330
048	067
048	068
048	093
048	259
048	325
048	326
049	067
049	068
049	078
049	093
049	257
049	259
049	312
051	094
052	094
053	051
053	052
053	053
053	103
053	104
053	157
053	216
053	233
054	036
054	051
054	052
054	059
054	103
054	104
054	110
054	157
054	158
054	204
054	216
054	217
054	232
057	088
058	051
058	052
058	053
058	103
058	104
058	157
058	216
058	217
058	223
059	271
060	038
060	083
060	121
060	127
060	209
060	212
060	272
060	274
060	276
060	281
060	288
060	289
060	296
060	302
060	303
060	304
060	306
060	311
060	339
060	340
060	343
060	344
064	094
064	146
065	069
065	070
065	075
065	076
065	077
065	314
065	330
067	067
067	068
067	078
067	092
067	123
067	125
067	151
067	255
067	256
067	257
067	258
067	259
067	260
067	266
067	270
068	297
068	298
068	311
069	110
069	341
070	008
070	013
070	016
070	141
070	150
072	032
072	045
072	091
072	142
072	146
072	148
072	155
072	156
072	262
072	264
072	265
075	087
075	146
075	160
075	211
076	159
077	008
077	032
077	036
077	037
077	038
077	039
077	040
077	041
077	042
077	048
077	049
077	050
077	064
077	080
077	081
077	082
077	083
077	084
077	085
077	086
077	094
077	095
077	100
077	144
077	159
077	160
077	161
077	206
077	207
077	208
077	209
077	210
077	211
077	212
077	213
077	220
077	232
077	234
077	258
077	272
077	281
077	342
077	343
080	008
080	013
080	014
080	015
080	074
080	155
080	187
080	191
080	192
080	196
080	246
080	251
080	336
080	337
081	092
081	097
082	065
082	110
082	224
082	226
083	064
083	086
083	087
083	088
083	090
083	112
083	136
083	143
083	203
083	237
084	042
084	089
084	090
085	093
085	261
085	263
085	342
086	319
087	247
088	038
088	083
088	212
089	086
089	134
089	140
089	142
089	254
089	261
089	262
089	263
090	002
090	003
090	005
090	006
090	008
090	009
090	025
090	032
090	037
090	041
090	042
090	043
090	045
090	046
090	047
090	049
090	050
090	052
090	059
090	062
090	063
090	064
090	065
090	067
090	068
090	069
090	070
090	078
090	079
090	080
090	082
090	086
090	087
090	088
090	089
090	090
090	091
090	092
090	094
090	096
090	097
090	099
090	104
090	106
090	108
090	109
090	112
090	114
090	115
090	116
090	118
090	121
090	122
090	123
090	125
090	126
090	127
090	136
090	137
090	140
090	142
090	150
090	154
090	156
090	158
090	160
090	163
090	165
090	171
090	174
090	179
090	181
090	192
090	194
090	198
090	199
090	203
090	204
090	205
090	206
090	207
090	208
090	209
090	210
090	211
090	212
090	213
090	214
090	215
090	216
090	217
090	218
090	219
090	220
090	221
090	222
090	223
090	224
090	225
090	226
090	227
090	228
090	229
090	236
090	237
090	241
090	242
090	252
090	254
090	255
090	256
090	257
090	258
090	259
090	260
090	261
090	263
090	268
090	269
090	270
090	271
090	273
090	282
090	290
090	291
090	292
090	293
090	304
090	305
090	307
090	311
090	312
090	313
090	320
090	331
090	338
090	339
090	341
090	344
092	008
092	009
092	040
092	042
092	054
092	062
092	064
092	065
092	068
092	070
092	080
092	086
092	087
092	089
092	090
092	091
092	096
092	097
092	099
092	100
092	103
092	106
092	108
092	109
092	112
092	114
092	117
092	118
092	126
092	138
092	143
092	149
092	154
092	155
092	156
092	157
092	158
092	159
092	160
092	161
092	180
092	203
092	204
092	227
092	236
092	237
092	238
092	254
092	260
092	328
092	342
096	128
097	138
097	152
097	153
099	311
099	317
099	324
099	325
099	328
099	329
099	330
100	136
100	224
100	225
101	008
101	028
101	029
101	032
101	033
101	043
101	050
101	054
101	055
101	062
101	063
101	081
101	087
101	116
101	141
101	143
101	145
101	252
101	273
101	280
101	282
101	289
101	304
101	306
101	307
101	311
101	324
101	339
101	343
101	344
102	057
102	069
102	077
102	095
102	167
102	261
102	319
104	008
104	016
104	019
104	025
104	032
104	044
104	045
104	054
104	063
104	069
104	070
104	076
104	091
104	096
104	143
104	144
104	199
104	201
104	224
104	232
104	261
104	262
104	268
104	313
104	329
104	330
105	029
105	213
106	003
106	072
106	073
106	074
106	075
106	076
106	077
106	087
106	090
106	094
106	112
106	115
106	126
106	129
106	137
106	163
106	269
106	270
106	281
107	052
107	103
107	105
107	123
107	125
107	126
107	127
107	129
107	158
107	270
107	271
107	342
108	281
108	305
109	008
109	032
109	042
109	044
109	045
109	048
109	050
109	053
109	055
109	057
109	063
109	064
109	065
109	087
109	088
109	090
109	091
109	100
109	101
109	114
109	115
109	143
109	144
109	155
109	160
109	202
109	203
109	212
109	226
109	343
113	024
113	106
113	109
114	168
115	037
115	040
115	085
115	094
115	144
116	020
116	064
116	068
116	080
116	087
116	088
116	090
116	119
116	159
116	217
116	219
116	220
116	236
116	237
116	246
116	258
116	271
116	313
117	012
118	316
119	002
119	003
119	005
119	006
119	009
119	010
119	011
119	012
119	014
119	015
119	016
119	018
119	030
119	031
119	032
119	033
119	035
119	036
119	037
119	038
119	039
119	040
119	041
119	042
119	046
119	047
119	048
119	049
119	050
119	051
119	052
119	053
119	056
119	058
119	059
119	060
119	062
119	063
119	064
119	069
119	077
119	078
119	080
119	082
119	083
119	084
119	085
119	089
119	093
119	095
119	100
119	102
119	103
119	104
119	105
119	106
119	109
119	113
119	115
119	121
119	122
119	123
119	124
119	125
119	126
119	127
119	128
119	129
119	131
119	136
119	139
119	140
119	141
119	142
119	144
119	146
119	147
119	148
119	152
119	153
119	154
119	155
119	156
119	157
119	158
119	159
119	160
119	161
119	164
119	165
119	166
119	167
119	168
119	172
119	175
119	178
119	179
119	181
119	182
119	186
119	187
119	191
119	192
119	194
119	195
119	196
119	197
119	198
119	199
119	204
119	205
119	206
119	207
119	208
119	209
119	210
119	211
119	212
119	213
119	214
119	215
119	217
119	218
119	219
119	220
119	221
119	222
119	223
119	227
119	229
119	230
119	232
119	233
119	234
119	235
119	236
119	240
119	242
119	247
119	249
119	256
119	257
119	258
119	259
119	260
119	261
119	262
119	263
119	265
119	266
119	267
119	268
119	269
119	270
119	273
119	274
119	278
119	280
119	281
119	282
119	283
119	284
119	288
119	289
119	294
119	300
119	301
119	304
119	305
119	306
119	307
119	311
119	313
119	314
119	321
119	322
119	323
119	326
119	334
119	337
119	338
119	339
119	340
119	341
119	342
119	343
119	344
119	345
124	291
125	038
125	083
125	159
125	160
125	209
125	211
125	212
125	213
126	142
126	154
126	157
126	160
126	198
128	019
128	021
128	025
128	123
128	174
128	175
128	207
128	238
128	242
128	246
128	247
128	312
128	314
128	333
128	339
128	345
130	342
130	343
131	121
131	315
131	317
132	019
133	070
133	258
134	074
134	283
134	299
134	311
134	317
134	328
134	329
134	336
134	337
134	340
134	344
137	279
137	311
137	340
138	278
138	279
138	306
138	311
138	340
141	065
141	069
141	092
141	093
141	094
141	095
141	096
141	097
141	098
141	121
141	138
141	146
141	254
141	255
141	257
141	265
141	269
141	312
143	121
144	004
144	005
144	077
144	078
144	097
144	130
144	134
144	137
144	138
144	139
144	140
144	141
144	142
144	143
144	144
144	145
144	146
144	147
144	148
144	149
144	150
144	151
144	152
144	153
144	154
144	155
144	156
144	157
144	158
144	159
144	160
144	161
144	168
144	172
144	255
146	255
147	158
147	160
149	242
149	252
150	134
150	258
151	078
151	094
151	097
151	247
151	264
151	324
151	336
152	032
152	051
152	053
152	081
152	104
152	157
152	158
152	215
152	216
152	217
152	219
152	223
153	022
153	064
153	065
153	067
153	068
153	071
153	080
153	082
153	085
153	086
153	087
153	089
153	090
153	091
153	092
153	094
153	100
153	101
153	103
153	105
153	106
153	108
153	109
153	110
153	112
153	113
153	114
153	117
153	118
153	119
153	121
153	122
153	125
153	126
153	127
153	133
153	136
153	142
153	203
153	227
153	228
153	259
153	262
153	263
153	271
153	312
153	314
153	327
153	328
153	329
153	330
154	008
154	010
154	011
154	069
154	121
154	122
154	141
154	146
154	150
154	151
154	258
154	260
154	263
155	009
155	010
155	011
155	013
155	016
155	032
155	037
155	040
155	042
155	056
155	059
155	082
155	085
155	089
155	093
155	106
155	109
155	133
155	134
155	144
155	151
155	155
155	161
155	204
155	205
155	207
155	208
155	209
155	211
155	212
155	229
155	249
155	268
155	274
155	287
155	339
158	010
158	013
158	016
158	023
158	024
158	026
158	027
158	028
158	029
158	058
158	097
158	106
158	109
158	140
158	142
158	152
158	211
158	226
158	227
158	229
158	233
158	240
158	249
158	250
158	252
158	253
158	276
158	290
158	294
158	303
158	319
159	013
160	009
160	010
160	037
160	082
160	089
160	235
160	236
162	136
163	008
163	009
163	010
163	037
163	082
163	106
163	109
163	146
163	150
163	159
163	181
163	205
163	210
163	292
163	312
164	014
164	023
164	069
164	077
164	093
164	096
164	121
164	135
164	258
164	319
165	136
165	258
165	273
165	283
165	284
165	306
165	307
165	311
165	340
165	345
166	119
166	171
166	230
166	231
166	242
166	243
166	283
166	285
166	286
166	287
166	305
166	306
166	308
166	309
166	310
166	320
166	322
166	336
168	046
168	049
168	051
168	052
168	053
168	103
168	104
168	110
168	157
168	211
168	214
168	215
168	216
168	218
168	219
168	220
168	221
168	222
168	223
168	232
168	233
168	234
169	006
169	036
169	041
169	042
169	049
169	051
169	052
169	053
169	089
169	103
169	104
169	110
169	157
169	158
169	164
169	181
169	206
169	211
169	212
169	214
169	215
169	217
169	220
169	222
169	223
169	225
169	232
169	233
169	236
169	269
169	272
169	321
169	322
169	323
169	324
169	338
169	339
169	341
169	342
169	343
170	008
170	017
170	032
170	045
170	046
170	047
170	065
170	091
170	099
170	143
170	145
170	155
170	156
170	164
170	180
170	181
170	205
170	242
170	248
172	301
173	097
173	240
173	242
173	244
173	248
173	249
173	250
173	323
173	324
173	326
173	331
173	335
173	336
174	008
174	032
174	042
174	045
174	047
174	048
174	049
174	051
174	061
174	065
174	081
174	089
174	100
174	101
174	103
174	110
174	114
174	115
174	116
174	117
174	118
174	141
174	144
174	151
174	155
174	156
174	160
174	180
174	221
174	222
174	223
174	226
174	236
174	260
174	264
174	266
174	268
175	048
175	049
175	055
175	080
175	081
175	085
175	100
175	156
175	223
175	236
175	257
175	260
175	264
175	265
175	268
177	233
178	116
178	180
178	260
179	032
179	041
179	043
179	045
179	047
179	048
179	050
179	080
179	091
179	099
179	100
179	114
179	116
179	140
179	147
179	148
179	155
179	156
179	224
179	257
179	260
180	008
180	032
180	041
180	043
180	045
180	046
180	047
180	050
180	081
180	091
180	099
180	143
180	144
180	145
180	148
180	155
180	156
180	236
180	264
181	002
181	004
181	006
181	017
181	019
181	023
181	093
181	110
181	133
181	135
181	137
181	150
181	152
181	213
181	225
181	238
181	252
182	067
182	254
183	150
184	115
184	116
184	121
184	241
184	242
184	335
185	008
185	032
185	037
185	039
185	040
185	041
185	053
185	059
185	062
185	064
185	082
185	084
185	085
185	094
185	100
185	110
185	159
185	160
185	197
185	198
185	204
185	208
185	209
185	210
185	211
185	212
185	213
185	237
185	272
185	281
185	342
185	343
186	078
186	140
186	141
186	145
186	154
186	155
186	156
186	158
187	046
187	048
187	049
187	051
187	052
187	053
187	100
187	103
187	104
187	110
187	157
187	211
187	214
187	215
187	216
187	217
187	219
187	220
187	221
187	222
187	223
187	232
187	234
187	235
187	236
187	313
188	319
189	319
190	218
191	021
191	027
191	028
191	029
192	032
192	051
192	141
192	144
192	157
192	206
192	214
192	217
192	221
194	012
194	301
195	002
195	004
195	005
195	017
195	018
195	019
195	020
195	023
195	025
195	045
195	064
195	081
195	086
195	087
195	090
195	091
195	092
195	093
195	094
195	095
195	099
195	102
195	106
195	109
195	110
195	112
195	113
195	116
195	119
195	120
195	140
195	144
195	145
195	146
195	157
195	158
195	163
195	164
195	170
195	173
195	180
195	199
195	202
195	204
195	205
195	207
195	212
195	222
195	224
195	226
195	238
195	239
195	241
195	242
195	243
195	244
195	246
195	247
195	248
195	249
195	250
195	251
195	252
195	253
195	270
195	272
195	273
195	312
195	313
196	007
196	094
196	125
196	137
196	146
196	263
197	003
197	047
197	123
197	234
197	254
197	260
198	078
198	312
199	008
199	009
199	010
199	095
199	097
199	265
199	277
199	290
200	010
200	011
200	016
200	035
200	040
200	058
200	085
200	093
200	122
200	151
200	257
200	265
200	319
201	032
201	037
201	038
201	039
201	040
201	041
201	049
201	064
201	067
201	080
201	082
201	083
201	084
201	085
201	087
201	093
201	133
201	160
201	206
201	207
201	208
201	209
201	210
201	211
201	212
201	213
201	226
201	281
201	337
202	121
202	122
202	172
202	174
202	240
202	313
202	314
202	315
202	317
202	318
202	333
202	334
202	335
203	270
204	121
204	324
204	326
204	331
204	334
205	020
205	023
205	244
206	003
206	163
207	157
208	282
208	304
209	038
209	040
209	054
209	067
209	068
209	078
209	083
209	092
209	094
209	095
209	096
209	097
209	098
209	108
209	110
209	125
209	147
209	150
209	254
209	256
209	257
209	258
209	259
210	276
212	159
212	206
212	290
212	293
212	296
212	311
212	340
213	122
213	312
215	093
216	098
218	121
218	127
218	134
218	140
218	141
218	142
218	143
218	144
218	145
218	146
218	168
218	172
218	177
218	198
218	207
218	209
218	231
218	272
218	274
218	275
218	276
218	281
218	282
218	283
218	284
218	288
218	289
218	296
218	297
218	302
218	303
218	304
218	306
218	307
218	311
218	339
218	340
218	343
218	345
219	004
219	011
219	013
219	018
219	032
219	033
219	043
219	054
219	057
219	099
219	127
219	128
219	137
219	141
219	142
219	145
219	150
219	153
219	159
219	167
219	168
219	181
219	188
219	190
219	193
219	199
219	212
219	213
219	242
219	250
219	259
219	268
219	269
219	271
219	273
219	274
219	275
219	277
219	278
219	279
219	280
219	285
219	286
219	287
219	289
219	290
219	291
219	294
219	300
219	305
219	308
219	310
219	339
219	340
219	343
219	346
220	010
220	016
220	018
220	037
220	038
220	039
220	040
220	068
220	082
220	083
220	084
220	089
220	102
220	127
220	146
220	154
220	161
220	181
220	205
220	208
220	209
220	211
220	217
220	221
220	229
220	235
220	257
220	260
220	267
220	274
220	277
220	288
220	290
220	294
220	295
220	303
220	304
221	013
223	017
223	022
223	054
223	064
223	071
223	119
223	130
223	133
223	135
223	136
223	137
223	163
223	164
223	239
224	022
224	202
224	251
225	069
225	097
225	121
225	122
225	141
225	145
225	146
225	150
225	152
225	258
225	262
225	263
225	264
225	314
225	316
225	326
225	327
225	331
225	333
225	335
226	240
226	243
226	244
226	246
226	247
226	250
226	252
228	070
228	097
228	258
228	319
228	323
228	334
231	313
232	003
232	004
232	018
232	019
232	020
232	021
232	022
232	023
232	024
232	025
232	026
232	027
232	028
232	029
232	030
232	031
232	238
232	239
232	240
232	243
232	244
232	245
232	246
232	247
232	248
232	249
232	250
232	251
232	252
232	253
232	332
234	004
234	019
234	034
234	066
234	097
234	123
234	156
234	203
234	206
234	237
234	258
235	020
235	021
235	030
235	244
235	250
235	346
236	121
236	291
236	312
236	313
236	314
236	315
236	317
236	333
236	334
236	336
237	008
237	015
237	140
237	141
237	183
237	184
237	185
237	186
238	013
238	155
238	160
238	187
239	052
239	053
239	104
239	144
239	158
239	216
240	192
241	300
243	030
243	313
243	319
243	324
243	326
243	331
243	332
243	334
243	335
243	342
243	343
245	008
245	009
245	013
245	014
245	050
245	051
245	052
245	053
245	081
245	103
245	104
245	106
245	109
245	136
245	137
245	142
245	144
245	158
245	187
245	192
245	201
245	214
245	216
245	221
245	223
245	229
245	230
245	233
245	234
245	254
245	261
245	265
245	276
245	279
245	289
245	300
245	304
245	311
248	088
249	052
249	104
249	147
249	238
249	254
249	255
249	333
250	008
250	032
250	042
250	044
250	045
250	048
250	051
250	052
250	053
250	059
250	060
250	081
250	091
250	100
250	103
250	104
250	105
250	115
250	118
250	143
250	144
250	157
250	158
250	212
250	215
250	216
250	217
250	218
250	219
250	223
250	226
250	232
250	233
250	236
250	272
250	339
250	343
251	013
251	173
251	296
252	003
252	004
252	017
252	018
252	019
252	020
252	021
252	022
252	023
252	025
252	026
252	031
252	110
252	135
252	164
252	175
252	226
252	238
252	239
252	240
252	241
252	242
252	243
252	244
252	245
252	246
252	247
252	248
252	249
252	250
252	251
252	252
252	253
253	255
254	325
254	328
254	331
254	332
254	335
254	336
254	337
255	132
256	015
257	012
257	021
257	027
257	244
257	296
257	298
258	276
260	280
260	282
260	294
260	295
260	306
260	311
261	243
261	263
261	296
262	046
262	146
262	155
262	206
262	276
262	277
262	279
262	280
262	290
262	292
262	294
262	295
262	297
262	298
262	300
262	301
263	009
263	010
263	013
263	016
263	035
263	036
263	039
263	040
263	058
263	068
263	084
263	093
263	140
263	142
263	150
263	151
263	199
263	207
263	209
263	210
263	245
263	257
263	264
263	265
263	267
263	289
263	290
263	294
263	296
263	298
264	006
264	009
264	017
264	018
264	021
264	022
264	023
264	025
264	026
264	028
264	030
264	035
264	037
264	042
264	044
264	047
264	048
264	054
264	056
264	058
264	059
264	060
264	062
264	069
264	078
264	080
264	081
264	082
264	086
264	089
264	097
264	099
264	100
264	106
264	108
264	110
264	112
264	114
264	118
264	119
264	120
264	130
264	133
264	135
264	136
264	137
264	148
264	159
264	164
264	180
264	181
264	186
264	202
264	203
264	204
264	208
264	215
264	219
264	224
264	226
264	227
264	228
264	237
264	239
264	246
264	257
264	260
264	263
264	269
264	288
264	289
264	296
264	303
264	313
264	321
264	322
264	323
264	331
264	338
264	339
264	341
264	342
265	150
265	160
266	147
267	312
269	009
269	010
269	012
269	013
269	016
269	021
269	024
269	027
269	110
269	141
269	142
269	145
269	146
269	150
269	173
269	191
269	213
269	244
269	245
269	298
270	022
270	056
270	059
270	067
270	093
270	121
270	122
270	160
270	216
270	227
270	228
270	238
270	239
270	240
270	241
270	248
270	273
270	334
271	140
271	146
271	149
271	150
271	151
271	156
272	138
272	150
272	151
272	152
273	127
273	158
273	273
273	274
273	275
273	276
273	281
273	282
273	283
273	284
273	288
273	302
273	303
273	304
273	307
273	311
273	321
273	322
273	323
273	338
273	339
273	341
273	342
273	344
274	114
275	018
275	019
275	020
275	023
275	024
275	025
275	026
275	027
275	028
275	029
275	030
275	095
275	097
275	099
275	102
275	113
275	130
275	134
275	157
275	158
275	243
275	246
275	251
275	252
275	274
275	276
275	290
275	292
275	293
275	302
275	313
275	319
275	326
276	021
276	094
276	138
276	140
276	141
276	142
276	143
276	144
276	145
276	146
276	150
276	213
276	240
276	241
276	247
276	250
277	146
278	120
279	160
279	208
279	236
280	008
280	015
280	141
280	183
280	184
280	185
280	186
281	106
281	156
282	008
282	032
282	043
282	045
282	046
282	047
282	054
282	055
282	065
282	081
282	091
282	099
282	142
282	143
282	145
282	148
282	149
282	155
283	019
283	020
283	021
283	025
283	037
283	080
283	082
283	085
283	087
283	110
283	238
283	246
283	323
285	094
285	095
285	096
285	097
285	155
285	326
286	121
286	276
286	289
286	291
286	331
286	334
287	067
287	070
287	097
287	255
288	155
289	045
289	046
289	047
289	048
289	051
289	052
289	053
289	091
289	100
289	103
289	104
289	115
289	223
289	224
289	225
289	227
289	238
289	264
289	266
289	338
290	008
290	017
290	033
290	053
290	056
290	065
290	070
290	071
290	072
290	073
290	074
290	075
290	076
290	077
290	102
290	106
290	107
290	113
290	143
290	144
290	154
290	164
290	165
290	166
290	177
290	181
290	198
290	200
290	203
290	242
290	250
290	261
290	262
290	264
290	268
290	270
290	324
291	298
292	065
292	109
292	110
292	134
292	136
292	138
292	150
292	251
292	282
292	301
292	302
292	311
292	339
292	344
293	163
294	003
294	019
294	020
294	021
294	025
294	026
294	061
294	067
294	068
294	069
294	070
294	078
294	080
294	092
294	117
294	121
294	122
294	123
294	206
294	211
294	221
294	224
294	240
294	242
294	251
294	253
294	254
294	255
294	256
294	257
294	258
294	259
294	261
294	263
294	264
294	269
294	272
294	273
294	274
294	281
294	297
294	299
294	301
294	303
294	305
294	306
294	312
294	313
294	314
294	320
294	324
294	326
294	339
294	343
295	261
295	264
295	265
295	266
295	268
296	017
296	022
296	110
296	238
296	239
296	240
296	246
296	247
296	248
296	249
296	250
296	253
297	042
297	089
297	116
297	148
297	154
297	155
297	161
297	180
297	221
297	236
297	260
297	264
298	157
299	073
299	093
299	121
299	254
299	255
299	274
299	275
299	284
299	287
299	301
299	302
299	312
299	314
299	315
299	316
299	317
299	318
299	319
299	323
299	324
299	326
299	331
299	332
299	333
299	334
299	335
299	337
299	342
299	343
300	110
300	136
300	137
301	211
302	209
303	071
303	141
303	149
303	150
303	152
303	156
303	226
303	243
303	257
303	261
303	263
303	268
304	061
304	064
304	065
304	108
304	114
304	116
304	117
304	134
304	203
304	206
304	224
304	226
304	227
304	228
305	012
305	013
305	014
305	015
305	032
305	033
305	035
305	043
305	044
305	050
305	054
305	055
305	058
305	059
305	062
305	070
305	071
305	093
305	095
305	116
305	141
305	144
305	145
305	147
305	169
305	171
305	173
305	183
305	187
305	188
305	190
305	196
305	220
305	221
305	222
305	223
305	232
305	262
305	266
305	267
305	285
305	286
305	287
305	322
305	326
305	337
307	003
307	004
307	005
307	006
307	007
307	008
307	009
307	010
307	011
307	012
307	013
307	014
307	015
307	016
307	017
307	018
307	019
307	020
307	021
307	022
307	023
307	024
307	025
307	026
307	027
307	028
307	029
307	030
307	031
307	032
307	033
307	034
307	035
307	036
307	037
307	038
307	039
307	040
307	041
307	042
307	043
307	044
307	045
307	046
307	047
307	048
307	049
307	050
307	051
307	052
307	053
307	054
307	055
307	056
307	057
307	058
307	059
307	060
307	061
307	062
307	063
307	064
307	065
307	068
307	070
307	073
307	078
307	080
307	081
307	083
307	084
307	089
307	092
307	093
307	094
307	099
307	100
307	102
307	107
307	109
307	110
307	111
307	112
307	113
307	120
307	123
307	125
307	133
307	136
307	137
307	140
307	141
307	162
307	163
307	164
307	165
307	166
307	167
307	168
307	169
307	170
307	171
307	172
307	173
307	174
307	175
307	176
307	177
307	178
307	179
307	180
307	181
307	182
307	183
307	184
307	185
307	186
307	187
307	188
307	189
307	190
307	191
307	192
307	193
307	194
307	195
307	196
307	197
307	198
307	199
307	200
307	201
307	202
307	203
307	204
307	205
307	206
307	209
307	213
307	225
307	237
307	238
307	240
307	241
307	247
307	257
307	271
307	272
307	312
307	323
307	333
307	342
307	345
310	014
310	018
310	019
310	022
310	025
310	095
310	110
310	138
310	140
310	141
310	142
310	143
310	144
310	146
310	147
310	149
310	150
310	151
310	152
310	163
310	164
310	165
310	166
310	168
310	169
310	170
310	172
310	173
310	174
310	175
310	178
310	179
310	182
310	183
310	185
310	186
310	187
310	188
310	189
310	190
310	191
310	192
310	194
310	196
310	197
310	198
310	199
310	201
310	204
310	213
310	214
310	215
310	217
310	219
310	222
310	223
310	224
310	225
310	226
310	227
311	243
313	008
313	009
313	012
313	014
313	016
313	022
313	033
313	035
313	044
313	050
313	053
313	055
313	057
313	058
313	060
313	062
313	063
313	141
313	145
313	167
313	177
313	178
313	182
313	199
313	201
313	204
313	212
313	214
313	218
313	222
313	225
313	343
314	123
314	125
314	127
314	129
314	271
314	273
314	274
316	002
316	062
316	069
316	168
316	178
316	197
316	220
316	223
316	224
316	254
316	257
316	260
316	264
316	329
317	065
317	110
317	114
317	115
317	226
319	029
320	042
320	089
320	115
320	116
320	221
321	257
322	073
322	074
322	254
322	266
323	065
323	067
323	109
323	142
323	254
323	259
324	006
324	032
324	033
324	041
324	042
324	045
324	046
324	047
324	048
324	050
324	052
324	055
324	056
324	059
324	062
324	065
324	067
324	070
324	071
324	073
324	080
324	081
324	085
324	089
324	091
324	099
324	100
324	104
324	108
324	114
324	115
324	116
324	118
324	146
324	149
324	158
324	164
324	166
324	179
324	181
324	199
324	201
324	203
324	204
324	205
324	206
324	213
324	214
324	217
324	221
324	223
324	225
324	226
324	227
324	228
324	229
324	230
324	231
324	232
324	236
324	237
324	256
324	257
324	259
324	260
324	263
324	264
324	269
324	270
324	313
324	319
324	320
324	321
324	322
324	323
324	331
324	338
324	339
324	341
324	342
325	261
325	262
325	267
326	300
326	302
326	311
326	339
327	008
327	016
327	019
327	024
327	025
327	026
327	028
327	029
327	033
327	054
327	058
327	070
327	094
327	141
327	143
327	144
327	199
327	200
327	202
327	217
327	220
327	224
327	232
327	261
327	262
327	268
327	313
327	314
327	328
327	329
327	330
327	339
328	002
328	004
328	114
328	122
328	123
328	124
328	125
328	126
328	127
328	128
328	129
328	269
328	270
328	271
328	272
328	273
328	274
328	275
328	276
328	277
328	278
328	279
328	280
328	281
328	282
328	283
328	284
328	285
328	286
328	287
328	288
328	289
328	290
328	291
328	292
328	293
328	294
328	295
328	296
328	297
328	298
328	299
328	300
328	301
328	302
328	303
328	304
328	305
328	306
328	307
328	308
328	309
328	310
328	311
328	338
328	339
328	340
328	341
328	342
328	343
328	344
328	345
328	346
329	061
329	117
330	165
330	242
330	251
331	064
331	065
331	108
331	114
331	115
331	116
331	118
331	203
331	224
331	226
331	227
332	011
332	013
332	053
332	059
333	008
333	011
333	012
333	014
333	016
333	019
333	025
333	030
333	033
333	036
333	037
333	048
333	053
333	054
333	055
333	056
333	059
333	060
333	061
333	062
333	063
333	070
333	071
333	072
333	073
333	074
333	075
333	076
333	077
333	082
333	093
333	094
333	095
333	096
333	099
333	100
333	110
333	143
333	144
333	145
333	153
333	154
333	166
333	167
333	168
333	169
333	170
333	172
333	173
333	174
333	175
333	176
333	177
333	178
333	179
333	181
333	182
333	183
333	184
333	185
333	186
333	187
333	188
333	189
333	190
333	191
333	192
333	193
333	194
333	195
333	196
333	197
333	198
333	201
333	204
333	214
333	215
333	218
333	219
333	222
333	223
333	231
333	232
333	237
333	269
333	339
333	343
334	073
334	282
334	301
334	302
334	311
334	317
334	318
334	325
334	335
334	336
334	339
334	344
335	088
336	258
337	038
337	083
337	212
337	261
337	262
337	265
337	266
337	268
340	123
340	129
340	270
341	129
342	039
342	084
343	008
343	033
343	042
343	046
343	059
343	060
343	061
343	108
343	117
343	145
343	158
343	206
344	291
344	292
344	293
344	297
344	311
345	025
345	072
345	073
345	074
345	075
345	260
345	261
345	262
345	265
345	266
345	267
345	268
345	269
345	314
345	327
345	328
345	329
345	330
345	331
345	337
346	249
347	007
347	011
347	023
347	027
347	028
347	035
347	042
347	045
347	047
347	048
347	049
347	051
347	052
347	053
347	054
347	059
347	060
347	089
347	091
347	094
347	100
347	103
347	104
347	105
347	141
347	157
347	182
347	214
347	215
347	217
347	219
347	221
347	223
347	230
347	232
347	233
347	234
347	235
347	236
347	261
347	266
347	268
347	274
347	280
347	311
347	313
347	334
347	336
348	159
349	147
349	148
349	155
349	156
349	225
350	046
350	151
350	160
350	222
351	032
351	046
351	047
351	156
352	032
352	037
352	045
352	048
352	082
352	091
352	100
352	110
352	140
352	141
352	156
352	160
352	221
352	222
352	223
352	224
352	225
352	227
353	123
353	154
353	255
353	275
354	158
355	296
356	097
356	258
357	064
358	068
358	070
358	072
358	073
358	074
358	075
358	076
358	077
358	313
358	326
359	002
359	003
359	004
359	019
359	021
359	064
359	110
359	112
359	135
359	142
359	157
359	242
359	251
359	252
359	342
359	343
360	069
360	258
360	263
361	158
362	028
362	097
362	241
362	247
364	152
364	159
365	291
365	292
367	032
367	051
367	065
367	103
367	105
367	144
368	106
368	109
369	158
370	258
371	081
371	213
373	263
374	025
374	030
375	146
375	149
375	150
375	156
376	011
376	018
376	024
376	027
376	028
376	029
376	049
376	052
376	059
376	061
376	080
376	085
376	086
376	087
376	092
376	100
376	104
376	106
376	109
376	110
376	117
376	119
376	125
376	126
376	127
376	128
376	129
376	133
376	216
376	222
376	223
376	227
376	238
376	240
376	249
376	250
376	252
376	268
376	274
376	275
376	276
376	292
376	293
376	294
376	295
376	312
376	319
376	326
377	026
377	130
377	135
377	137
377	239
378	021
378	026
378	238
379	004
379	007
379	009
379	012
379	019
379	023
379	030
379	035
379	037
379	038
379	039
379	040
379	042
379	044
379	046
379	047
379	048
379	051
379	052
379	054
379	055
379	056
379	057
379	058
379	059
379	060
379	062
379	063
379	082
379	083
379	084
379	085
379	089
379	093
379	094
379	095
379	097
379	099
379	100
379	103
379	104
379	141
379	142
379	148
379	149
379	177
379	209
379	211
379	232
379	247
379	263
379	264
379	266
380	017
380	086
380	099
380	109
380	110
380	115
380	116
380	119
380	136
380	241
381	032
381	046
381	051
381	065
381	078
381	103
381	144
381	157
381	158
381	206
382	009
382	093
382	095
382	097
382	145
382	146
382	159
382	210
382	213
382	254
382	262
382	296
383	051
383	074
383	080
383	081
383	095
383	096
383	103
383	119
383	164
383	203
383	204
383	214
383	219
383	220
383	223
383	226
383	229
383	233
383	236
383	242
383	256
383	257
383	269
383	313
383	320
384	032
384	043
386	234
387	090
387	136
387	258
388	142
389	128
389	282
389	297
389	298
389	299
389	304
389	311
389	316
389	323
389	325
389	328
389	329
390	005
390	015
390	038
390	083
390	141
390	143
390	144
390	146
390	168
390	172
390	239
390	240
390	246
390	261
390	274
390	291
390	292
391	039
391	084
391	241
391	249
391	251
393	005
393	007
393	011
393	016
393	021
393	062
393	068
393	077
393	093
393	113
393	123
393	140
393	144
393	145
393	150
393	151
393	154
393	168
393	172
393	216
393	254
393	255
393	275
393	278
393	280
393	295
393	296
393	297
393	299
393	300
393	301
393	303
395	053
395	064
395	065
395	114
395	116
395	118
395	157
395	203
395	204
395	221
396	070
396	071
396	073
396	141
396	142
396	143
396	153
396	168
396	181
396	186
396	194
396	262
396	264
396	265
396	268
397	023
397	024
397	026
397	027
397	028
397	029
398	122
398	312
398	326
399	273
399	282
399	283
399	284
399	288
399	299
399	300
399	304
399	306
399	307
399	311
399	340
399	344
399	345
400	147
400	268
401	032
401	043
401	054
401	098
401	142
401	145
401	163
401	242
401	252
401	282
401	290
401	311
403	136
404	042
404	089
404	115
404	116
404	141
404	149
404	156
404	180
404	221
404	260
405	319
406	027
406	128
406	245
406	289
406	297
406	298
406	299
406	300
406	306
406	311
406	317
406	319
407	044
407	045
407	051
407	091
407	103
407	212
408	003
408	006
408	009
408	012
408	013
408	014
408	015
408	019
408	025
408	031
408	032
408	033
408	035
408	036
408	037
408	040
408	041
408	044
408	045
408	046
408	051
408	057
408	058
408	059
408	062
408	067
408	068
408	070
408	073
408	078
408	082
408	091
408	093
408	103
408	105
408	127
408	141
408	147
408	148
408	155
408	160
408	164
408	165
408	167
408	169
408	171
408	178
408	181
408	184
408	187
408	191
408	192
408	194
408	198
408	199
408	201
408	204
408	205
408	206
408	207
408	210
408	211
408	212
408	213
408	214
408	215
408	216
408	217
408	218
408	219
408	220
408	221
408	222
408	223
408	225
408	229
408	230
408	231
408	232
408	233
408	234
408	235
408	236
408	247
408	257
408	259
408	260
408	261
408	264
408	266
408	268
408	269
408	272
408	274
408	275
408	278
408	279
408	280
408	281
408	288
408	294
408	300
408	303
408	305
408	306
408	313
408	314
408	321
408	322
408	323
408	338
408	339
408	341
408	342
409	008
409	027
409	046
409	069
409	093
409	129
409	140
409	141
409	142
409	150
409	159
409	185
409	206
409	226
409	263
409	265
409	267
409	270
410	237
411	136
412	142
414	271
415	159
416	008
416	013
416	033
416	059
416	143
416	144
416	145
416	153
416	154
417	002
417	004
417	017
417	019
417	022
417	032
417	037
417	038
417	039
417	040
417	063
417	064
417	065
417	066
417	067
417	068
417	069
417	070
417	071
417	072
417	073
417	074
417	075
417	076
417	077
417	078
417	079
417	080
417	081
417	082
417	083
417	084
417	085
417	086
417	087
417	088
417	089
417	090
417	091
417	092
417	093
417	094
417	095
417	096
417	097
417	098
417	099
417	100
417	101
417	102
417	103
417	104
417	105
417	106
417	107
417	108
417	109
417	110
417	111
417	112
417	113
417	114
417	115
417	116
417	117
417	118
417	119
417	120
417	121
417	123
417	132
417	133
417	136
417	155
417	159
417	163
417	174
417	175
417	203
417	205
417	206
417	207
417	208
417	209
417	212
417	226
417	227
417	229
417	237
417	251
417	253
417	254
417	255
417	256
417	257
417	258
417	259
417	260
417	261
417	262
417	263
417	264
417	265
417	266
417	267
417	268
417	269
417	270
417	271
417	272
417	273
417	274
417	275
417	276
417	277
417	278
417	279
417	280
417	281
417	282
417	283
417	284
417	285
417	286
417	287
417	288
417	289
417	290
417	291
417	292
417	293
417	294
417	295
417	296
417	297
417	298
417	299
417	300
417	301
417	302
417	303
417	304
417	305
417	306
417	307
417	308
417	309
417	310
417	311
417	312
417	313
417	314
417	315
417	316
417	317
417	318
417	319
417	320
417	321
417	322
417	323
417	324
417	325
417	326
417	327
417	328
417	329
417	330
417	331
417	332
417	333
417	334
417	335
417	336
417	337
417	338
417	339
417	340
417	341
417	342
417	343
417	344
417	345
417	346
418	077
418	097
418	241
419	010
419	016
419	146
419	150
419	267
420	008
420	033
420	046
420	061
420	145
420	206
421	011
421	048
421	070
421	100
421	110
421	136
421	140
421	147
421	160
421	220
421	224
421	225
421	226
421	264
423	006
423	008
423	009
423	065
423	086
423	088
423	109
423	110
423	119
423	120
423	130
423	135
423	136
423	137
423	138
423	139
423	140
423	148
423	203
423	206
423	239
423	247
423	258
423	262
423	263
425	078
425	141
425	142
425	147
425	150
425	157
425	158
425	262
425	265
425	267
425	268
425	270
425	280
425	294
425	295
425	296
425	297
425	299
425	300
425	306
425	311
425	340
426	005
426	007
426	009
426	010
426	016
426	032
426	033
426	037
426	038
426	043
426	044
426	050
426	054
426	057
426	058
426	069
426	077
426	082
426	083
426	093
426	094
426	095
426	096
426	097
426	121
426	122
426	128
426	138
426	141
426	145
426	148
426	150
426	152
426	177
426	184
426	199
426	201
426	208
426	217
426	254
426	256
426	257
426	258
426	262
426	264
426	266
426	267
426	270
426	274
426	276
426	277
426	278
426	280
426	282
426	288
426	289
426	293
426	296
426	297
426	298
426	299
426	300
426	301
426	302
426	303
426	306
426	311
426	312
426	314
426	315
426	317
426	333
426	334
426	339
426	343
430	014
430	016
430	247
431	297
432	299
432	301
433	008
433	032
433	033
433	043
433	045
433	046
433	047
433	062
433	063
433	065
433	078
433	081
433	099
433	143
433	145
433	147
433	148
433	154
433	156
433	158
433	160
433	264
434	148
435	033
435	062
436	021
438	160
439	008
439	010
439	027
439	181
439	219
439	220
439	223
439	245
439	293
440	008
440	012
440	013
440	014
440	015
440	016
440	032
440	033
440	035
440	043
440	044
440	045
440	051
440	053
440	054
440	055
440	058
440	059
440	060
440	062
440	063
440	072
440	076
440	091
440	093
440	096
440	169
440	170
440	173
440	174
440	175
440	176
440	177
440	178
440	179
440	183
440	184
440	185
440	187
440	189
440	190
440	191
440	194
440	195
440	196
440	197
440	198
440	200
440	201
440	202
440	204
440	214
440	215
440	216
440	217
440	218
440	219
440	220
440	222
440	223
440	343
441	160
442	159
442	160
442	300
442	311
442	314
442	323
442	324
442	336
443	155
443	157
443	160
443	206
444	150
444	158
444	272
444	274
444	281
444	293
444	294
444	304
444	306
444	311
444	339
444	343
445	246
447	212
448	065
448	121
448	122
448	312
448	313
448	314
448	315
448	316
448	317
448	318
448	319
448	320
448	324
448	326
448	331
448	332
448	333
448	334
448	335
448	336
449	002
449	035
449	037
449	042
449	043
449	044
449	045
449	046
449	047
449	048
449	051
449	052
449	054
449	055
449	056
449	058
449	060
449	067
449	071
449	078
449	080
449	081
449	082
449	089
449	091
449	095
449	099
449	100
449	103
449	104
449	106
449	116
449	118
449	141
449	204
449	214
449	219
449	222
449	229
449	230
449	231
449	232
449	233
449	234
449	235
449	236
449	237
449	254
449	257
449	260
449	261
449	263
449	266
449	269
449	280
