417	002
119	002
417	002
181	002
090	002
316	002
090	002
195	002
090	002
011	002
359	002
449	002
011	002
328	002
090	002
090	002
417	002
252	003
232	003
206	003
307	003
119	003
197	003
090	003
106	003
106	003
294	003
119	003
090	003
294	003
038	003
359	003
294	003
408	003
119	003
090	003
307	004
181	004
307	004
379	004
307	004
181	004
252	004
232	004
417	004
181	004
359	004
417	004
195	004
307	004
328	004
219	004
144	004
307	004
417	004
328	004
234	004
393	005
195	005
426	005
390	005
426	005
426	005
307	005
090	005
119	005
393	005
144	005
119	005
408	006
408	006
169	006
324	006
264	006
119	006
264	006
423	006
423	006
090	006
181	006
307	006
307	007
393	007
307	007
379	007
426	007
307	007
379	007
196	007
196	007
196	007
307	007
347	007
347	007
307	007
014	008
016	008
023	008
026	008
046	008
070	008
077	008
080	008
080	008
092	008
101	008
104	008
109	008
154	008
154	008
170	008
174	008
180	008
185	008
245	008
250	008
282	008
290	008
313	008
327	008
333	008
343	008
416	008
420	008
423	008
433	008
440	008
199	008
307	008
090	008
409	008
199	008
307	008
023	008
280	008
237	008
199	008
199	008
439	008
199	008
439	008
163	008
199	008
163	008
199	008
163	008
307	008
155	009
163	009
163	009
199	009
119	009
160	009
160	009
199	009
269	009
199	009
269	009
269	009
199	009
092	009
090	009
090	009
423	009
264	009
382	009
027	009
027	009
408	009
426	009
313	009
379	009
426	009
027	009
119	009
269	009
269	009
263	009
155	009
269	009
269	009
269	009
245	009
006	009
269	009
307	009
269	010
163	010
419	010
199	010
027	010
158	010
007	010
007	010
263	010
269	010
155	010
155	010
163	010
046	010
155	010
439	010
263	010
155	010
046	010
220	010
154	010
160	010
154	010
160	010
426	010
263	010
155	010
263	010
155	010
155	010
200	010
263	010
119	010
155	010
200	010
163	010
163	010
220	010
220	010
220	010
163	010
160	010
220	010
160	010
307	010
200	011
376	011
332	011
155	011
332	011
155	011
332	011
155	011
154	011
332	011
155	011
154	011
332	011
155	011
200	011
155	011
393	011
200	011
219	011
119	011
421	011
027	011
332	011
333	011
421	011
119	011
347	011
119	011
307	011
313	012
333	012
440	012
408	012
333	012
016	012
379	012
119	012
194	012
269	012
194	012
269	012
305	012
269	012
194	012
257	012
117	012
269	012
194	012
269	012
307	012
158	013
158	013
219	013
158	013
158	013
263	013
155	013
332	013
023	013
263	013
026	013
070	013
221	013
251	013
155	013
007	013
007	013
007	013
007	013
332	013
080	013
080	013
416	013
238	013
245	013
245	013
014	013
408	013
305	013
007	013
440	013
007	013
408	013
408	013
159	013
269	013
263	013
155	013
080	013
245	013
263	013
155	013
307	013
007	014
014	014
007	014
408	014
080	014
007	014
408	014
305	014
014	014
080	014
305	014
408	014
014	014
245	014
408	014
305	014
007	014
046	014
046	014
440	014
007	014
007	014
046	014
305	014
408	014
046	014
430	014
007	014
007	014
007	014
305	014
408	014
007	014
310	014
408	014
007	014
007	014
046	014
007	014
007	014
310	014
164	014
119	014
046	014
119	014
310	014
313	014
333	014
046	014
007	014
080	014
007	014
007	014
307	014
080	015
408	015
027	015
080	015
119	015
256	015
237	015
390	015
390	015
390	015
440	015
305	015
440	015
305	015
440	015
305	015
440	015
305	015
440	015
305	015
440	015
305	015
280	015
280	015
237	015
307	015
119	016
430	016
430	016
269	016
393	016
070	016
220	016
220	016
307	016
430	016
070	016
023	016
263	016
023	016
158	016
263	016
263	016
333	016
440	016
023	016
023	016
307	016
016	016
104	016
313	016
327	016
333	016
307	016
426	016
263	016
419	016
200	016
263	016
155	016
307	016
252	017
181	017
181	017
252	017
417	017
296	017
264	017
380	017
252	017
252	017
012	017
264	017
223	017
223	017
264	017
252	017
252	017
252	017
195	017
252	017
195	017
170	017
290	017
252	017
290	017
170	017
290	017
252	017
170	017
290	017
296	017
264	017
307	017
252	018
195	018
195	018
264	018
252	018
264	018
195	018
195	018
252	018
195	018
275	018
195	018
195	018
195	018
252	018
310	018
219	018
195	018
195	018
275	018
376	018
252	018
220	018
119	018
310	018
252	018
264	018
310	018
232	018
232	018
232	018
232	018
252	018
195	018
232	018
252	018
307	018
252	019
417	019
252	019
417	019
294	019
234	019
252	019
252	019
275	019
252	019
275	019
128	019
252	019
128	019
232	019
232	019
283	019
128	019
310	019
252	019
232	019
232	019
408	019
379	019
333	019
016	019
327	019
104	019
232	019
408	019
132	019
252	019
232	019
252	019
195	019
310	019
252	019
417	019
359	019
252	019
275	019
359	019
181	019
359	019
294	019
307	019
252	020
275	020
252	020
232	020
283	020
294	020
275	020
195	020
252	020
232	020
116	020
275	020
116	020
252	020
252	020
275	020
235	020
205	020
195	020
252	020
307	020
307	020
252	021
232	021
191	021
276	021
232	021
232	021
232	021
294	021
235	021
235	021
235	021
235	021
232	021
252	021
235	021
232	021
393	021
269	021
269	021
257	021
436	021
378	021
232	021
283	021
128	021
359	021
264	021
264	021
307	021
264	021
307	021
252	022
264	022
232	022
313	022
264	022
153	022
153	022
252	022
252	022
270	022
264	022
252	022
252	022
223	022
224	022
296	022
270	022
270	022
307	022
232	022
310	022
310	022
252	022
310	022
417	022
417	022
307	022
232	023
232	023
232	023
181	023
307	023
307	023
379	023
232	023
232	023
158	023
252	023
252	023
307	023
195	023
158	023
252	023
275	023
232	023
252	023
195	023
275	023
205	023
232	023
232	023
232	023
232	023
232	023
232	023
232	023
232	023
232	023
164	023
264	023
232	023
158	023
232	023
232	023
232	023
397	023
397	023
232	023
397	023
347	023
232	023
275	023
347	023
397	023
347	023
275	023
397	023
232	023
232	023
232	023
158	023
307	023
232	024
158	024
158	024
275	024
327	024
275	024
232	024
269	024
232	024
113	024
269	024
376	024
269	024
232	024
376	024
269	024
397	024
232	024
397	024
232	024
376	024
158	024
275	024
232	024
275	024
397	024
275	024
232	024
327	024
275	024
307	024
232	025
275	025
275	025
275	025
275	025
345	025
232	025
252	025
283	025
264	025
090	025
232	025
333	025
016	025
327	025
104	025
408	025
252	025
128	025
294	025
195	025
374	025
252	025
310	025
264	025
307	025
232	026
232	026
294	026
232	026
378	026
252	026
377	026
264	026
158	026
397	026
158	026
397	026
397	026
327	026
275	026
307	026
232	027
409	027
376	027
232	027
397	027
275	027
347	027
232	027
232	027
158	027
232	027
232	027
158	027
191	027
275	027
269	027
269	027
257	027
439	027
002	027
406	027
406	027
232	027
307	027
232	028
275	028
232	028
275	028
232	028
275	028
397	028
232	028
275	028
275	028
101	028
101	028
158	028
397	028
347	028
275	028
232	028
397	028
327	028
232	028
376	028
397	028
232	028
264	028
232	028
376	028
101	028
327	028
275	028
397	028
275	028
327	028
397	028
327	028
327	028
232	028
397	028
232	028
158	028
275	028
327	028
232	028
191	028
232	028
362	028
232	028
397	028
307	028
232	029
232	029
275	029
397	029
275	029
191	029
275	029
376	029
232	029
232	029
158	029
232	029
232	029
232	029
232	029
275	029
105	029
275	029
275	029
275	029
275	029
319	029
397	029
275	029
101	029
327	029
307	029
232	030
307	030
333	030
333	030
333	030
275	030
333	030
243	030
264	030
235	030
374	030
264	030
235	030
333	030
379	030
119	030
307	030
232	031
408	031
119	031
252	031
307	031
016	032
408	032
016	032
305	032
077	032
201	032
090	032
417	032
077	032
119	032
185	032
155	032
119	032
101	032
384	032
101	032
433	032
219	032
440	032
305	032
101	032
282	032
426	032
401	032
401	032
440	032
305	032
101	032
180	032
426	032
305	032
104	032
408	032
104	032
426	032
305	032
109	032
324	032
109	032
109	032
282	032
180	032
072	032
170	032
324	032
090	032
170	032
170	032
351	032
351	032
170	032
180	032
282	032
433	032
174	032
352	032
174	032
174	032
119	032
180	032
179	032
101	032
180	032
426	032
305	032
250	032
250	032
381	032
192	032
367	032
192	032
367	032
440	032
152	032
282	032
036	032
101	032
282	032
426	032
401	032
401	032
440	032
305	032
307	032
290	033
324	033
290	033
313	033
426	033
313	033
426	033
327	033
119	033
327	033
426	033
305	033
333	033
408	033
333	033
416	033
305	033
343	033
343	033
420	033
433	033
435	033
101	033
433	033
219	033
440	033
305	033
307	033
234	034
307	034
307	034
016	035
408	035
016	035
305	035
016	035
408	035
027	035
119	035
027	035
119	035
263	035
119	035
027	035
307	035
307	035
313	035
307	035
440	035
347	035
119	035
119	035
307	035
027	035
263	035
119	035
263	035
027	035
263	035
200	035
263	035
023	035
027	035
119	035
200	035
379	035
016	035
264	035
449	035
016	035
016	035
313	035
016	035
307	035
016	036
077	036
333	036
263	036
027	036
027	036
263	036
119	036
169	036
054	036
169	036
054	036
119	036
408	036
169	036
054	036
408	036
016	036
307	036
077	037
077	037
201	037
090	037
417	037
077	037
119	037
115	037
077	037
090	037
417	037
408	037
119	037
090	037
185	037
119	037
155	037
417	037
417	037
283	037
201	037
077	037
379	037
352	037
352	037
201	037
417	037
077	037
185	037
379	037
264	037
449	037
333	037
264	037
036	037
417	037
077	037
264	037
417	037
201	037
155	037
417	037
163	037
119	037
160	037
220	037
426	037
220	037
307	037
077	038
220	038
379	038
119	038
220	038
077	038
209	038
379	038
119	038
417	038
119	038
201	038
417	038
201	038
125	038
125	038
379	038
077	038
426	038
417	038
307	038
390	038
046	038
046	038
060	038
088	038
337	038
307	038
426	038
307	038
077	039
077	039
379	039
027	039
027	039
417	039
201	039
342	039
077	039
391	039
077	039
185	039
027	039
220	039
027	039
220	039
119	039
027	039
263	039
119	039
023	039
307	039
307	039
077	040
379	040
417	040
417	040
379	040
379	040
077	040
115	040
201	040
379	040
119	040
155	040
077	040
200	040
092	040
201	040
077	040
185	040
417	040
209	040
002	040
201	040
200	040
263	040
263	040
263	040
155	040
220	040
077	040
025	040
408	040
201	040
027	040
201	040
307	040
077	041
077	041
119	041
408	041
408	041
169	041
119	041
408	041
027	041
201	041
090	041
077	041
201	041
090	041
077	041
185	041
016	041
307	041
180	041
077	041
077	041
185	041
324	041
179	041
179	041
090	041
307	041
155	042
119	042
155	042
090	042
379	042
264	042
264	042
092	042
264	042
119	042
155	042
307	042
169	042
090	042
264	042
449	042
119	042
027	042
174	042
404	042
297	042
320	042
324	042
347	042
307	042
011	042
027	042
324	042
264	042
264	042
324	042
090	042
119	042
016	042
077	042
084	042
109	042
250	042
343	042
307	042
101	043
101	043
384	043
101	043
433	043
219	043
440	043
305	043
101	043
282	043
426	043
401	043
401	043
440	043
305	043
101	043
180	043
426	043
305	043
101	043
179	043
449	043
090	043
180	043
282	043
433	043
307	043
104	044
104	044
408	044
104	044
426	044
305	044
104	044
408	044
305	044
305	044
313	044
104	044
305	044
408	044
379	044
440	044
408	044
250	044
250	044
407	044
104	044
264	044
449	044
104	044
313	044
104	044
440	044
109	044
250	044
313	044
307	044
109	045
109	045
324	045
109	045
109	045
282	045
180	045
072	045
072	045
109	045
324	045
090	045
195	045
408	045
104	045
440	045
250	045
407	045
352	045
289	045
109	045
282	045
449	045
109	045
179	045
347	045
449	045
179	045
449	045
179	045
072	045
072	045
170	045
282	045
170	045
180	045
109	045
109	045
180	045
109	045
180	045
109	045
282	045
104	045
170	045
174	045
250	045
109	045
180	045
282	045
433	045
324	045
433	045
449	045
282	045
307	045
170	046
170	046
324	046
090	046
170	046
170	046
351	046
351	046
170	046
433	046
170	046
282	046
170	046
180	046
379	046
170	046
324	046
090	046
449	046
379	046
170	046
449	046
408	046
408	046
343	046
420	046
262	046
408	046
408	046
381	046
409	046
289	046
350	046
324	046
119	046
119	046
187	046
168	046
307	046
170	047
174	047
174	047
264	047
289	047
090	047
347	047
197	047
119	047
347	047
347	047
379	047
170	047
351	047
170	047
170	047
170	047
170	047
170	047
433	047
433	047
170	047
282	047
449	047
036	047
324	047
170	047
180	047
179	047
307	047
174	048
174	048
352	048
174	048
174	048
119	048
174	048
324	048
333	048
421	048
352	048
347	048
449	048
289	048
289	048
347	048
352	048
119	048
289	048
379	048
347	048
174	048
379	048
179	048
174	048
264	048
175	048
289	048
352	048
187	048
347	048
307	048
307	048
352	048
250	048
250	048
109	048
289	048
352	048
289	048
174	048
077	048
109	048
250	048
174	048
307	048
174	049
174	049
119	049
347	049
077	049
090	049
201	049
174	049
187	049
376	049
169	049
175	049
168	049
347	049
174	049
307	049
180	050
180	050
179	050
101	050
180	050
426	050
305	050
180	050
179	050
426	050
179	050
119	050
179	050
179	050
245	050
179	050
179	050
090	050
305	050
007	050
119	050
180	050
011	050
324	050
179	050
313	050
101	050
180	050
109	050
077	050
179	050
090	050
077	050
179	050
307	050
250	051
250	051
250	051
381	051
192	051
367	051
192	051
367	051
440	051
152	051
250	051
379	051
250	051
379	051
289	051
187	051
174	051
383	051
058	051
187	051
168	051
168	051
383	051
053	051
168	051
169	051
347	051
054	051
169	051
169	051
169	051
408	051
119	051
054	051
169	051
407	051
169	051
408	051
187	051
168	051
347	051
187	051
245	051
449	051
168	051
408	051
289	051
408	051
289	051
408	051
169	051
169	051
250	051
169	051
169	051
408	051
169	051
408	051
027	051
119	051
408	051
169	051
054	051
347	051
022	051
307	051
250	052
347	052
107	052
022	052
376	052
090	052
379	052
187	052
058	052
168	052
053	052
347	052
119	052
169	052
054	052
169	052
054	052
058	052
168	052
053	052
169	052
054	052
289	052
119	052
119	052
249	052
090	052
347	052
289	052
250	052
187	052
058	052
168	052
053	052
324	052
347	052
449	052
168	052
053	052
245	052
239	052
245	052
289	052
245	052
239	052
245	052
376	052
307	052
250	053
152	053
245	053
239	053
168	053
053	053
187	053
058	053
187	053
347	053
250	053
187	053
119	053
332	053
250	053
187	053
289	053
250	053
187	053
440	053
152	053
313	053
333	053
185	053
440	053
250	053
169	053
290	053
109	053
395	053
250	053
307	053
282	054
282	054
036	054
101	054
282	054
426	054
401	054
401	054
440	054
305	054
282	054
092	054
092	054
092	054
282	054
036	054
426	054
219	054
333	054
327	054
104	054
016	054
036	054
223	054
264	054
347	054
046	054
401	054
036	054
305	054
305	054
209	054
282	054
401	054
305	054
449	054
264	054
282	054
036	054
282	054
036	054
379	054
036	054
379	054
307	054
282	055
379	055
101	055
282	055
101	055
282	055
333	055
305	055
011	055
324	055
449	055
101	055
282	055
333	055
449	055
175	055
305	055
313	055
101	055
282	055
333	055
440	055
313	055
101	055
282	055
333	055
036	055
313	055
313	055
101	055
282	055
333	055
440	055
109	055
324	055
305	055
449	055
307	055
290	056
290	056
324	056
290	056
290	056
155	056
119	056
307	056
270	056
307	056
119	056
379	056
264	056
449	056
036	056
333	056
290	056
333	056
307	056
290	056
307	056
307	056
313	057
313	057
102	057
313	057
426	057
313	057
408	057
426	057
307	057
426	057
307	057
408	057
426	057
307	057
426	057
313	057
109	057
313	057
379	057
219	057
313	057
313	057
109	057
408	057
313	057
102	057
408	057
307	057
327	058
327	058
027	058
327	058
426	058
305	058
327	058
119	058
408	058
440	058
305	058
426	058
313	058
119	058
119	058
027	058
408	058
119	058
027	058
263	058
119	058
263	058
200	058
027	058
263	058
119	058
263	058
027	058
200	058
158	058
023	058
379	058
264	058
449	058
036	058
313	058
327	058
440	058
313	058
263	058
027	058
027	058
263	058
119	058
307	058
333	059
333	059
408	059
333	059
305	059
333	059
416	059
440	059
305	059
333	059
408	059
119	059
440	059
185	059
090	059
264	059
324	059
324	059
264	059
264	059
119	059
264	059
343	059
333	059
347	059
416	059
408	059
119	059
119	059
408	059
332	059
376	059
054	059
250	059
119	059
119	059
408	059
332	059
307	059
379	059
185	059
332	059
333	059
333	059
408	059
440	059
119	059
408	059
027	059
119	059
155	059
270	059
307	059
307	059
333	060
347	060
119	060
379	060
264	060
449	060
333	060
313	060
333	060
440	060
313	060
313	060
333	060
440	060
250	060
307	060
313	060
343	060
307	060
343	061
343	061
343	061
420	061
343	061
376	061
329	061
294	061
304	061
304	061
304	061
027	061
174	061
343	061
420	061
333	061
304	061
343	061
307	061
433	062
433	062
435	062
101	062
433	062
440	062
305	062
435	062
090	062
090	062
030	062
393	062
433	062
393	062
333	062
185	062
333	062
185	062
379	062
090	062
316	062
333	062
324	062
119	062
305	062
101	062
119	062
090	062
030	062
030	062
264	062
092	062
092	062
030	062
313	062
101	062
433	062
440	062
119	062
016	062
119	062
408	062
408	062
305	062
307	062
433	063
313	063
101	063
433	063
119	063
119	063
016	063
016	063
016	063
016	063
016	063
119	063
016	063
307	063
313	063
313	063
101	063
433	063
440	063
090	063
313	063
104	063
440	063
379	063
030	063
313	063
313	063
101	063
433	063
440	063
333	063
109	063
417	063
090	064
195	064
417	064
195	064
307	064
195	064
359	064
307	064
195	064
090	064
307	064
092	064
417	064
223	064
195	064
109	064
304	064
331	064
395	064
092	064
010	064
357	064
092	064
153	064
119	064
011	064
011	064
153	064
201	064
090	064
077	064
153	064
092	064
116	064
153	064
092	064
119	064
185	064
307	064
153	064
090	064
083	064
153	064
092	064
153	064
092	064
417	064
090	065
109	065
153	065
092	065
153	065
092	065
090	065
170	065
153	065
092	065
282	065
433	065
153	065
092	065
174	065
153	065
092	065
381	065
367	065
323	065
090	065
307	065
153	065
092	065
292	065
307	065
307	065
324	065
290	065
153	065
092	065
324	065
304	065
153	065
092	065
317	065
417	065
082	065
331	065
153	065
092	065
153	065
092	065
395	065
153	065
092	065
423	065
011	065
141	065
448	065
417	065
234	066
417	066
417	066
011	067
011	067
449	067
005	067
182	067
011	067
153	067
011	067
153	067
153	067
153	067
153	067
011	067
449	067
294	067
408	067
324	067
449	067
090	067
011	067
323	067
011	067
090	067
090	067
011	067
294	067
049	067
067	067
209	067
449	067
011	067
209	067
294	067
011	067
287	067
067	067
011	067
048	067
153	067
270	067
011	067
039	067
039	067
294	067
294	067
201	067
417	067
011	068
393	068
011	068
116	068
220	068
011	068
049	068
011	068
048	068
011	068
049	068
153	068
153	068
153	068
048	068
090	068
011	068
049	068
294	068
153	068
294	068
209	068
011	068
067	068
209	068
039	068
011	068
011	068
294	068
011	068
294	068
011	068
011	068
294	068
011	068
011	068
011	068
307	068
011	068
011	068
048	068
294	068
011	068
039	068
039	068
011	068
011	068
092	068
358	068
092	068
090	068
090	068
011	068
263	068
408	068
417	068
011	069
264	069
090	069
065	069
104	069
016	069
090	069
316	069
316	069
316	069
316	069
141	069
011	069
294	069
409	069
360	069
225	069
154	069
119	069
426	069
164	069
409	069
102	069
011	069
164	069
426	069
011	069
417	069
011	070
011	070
133	070
011	070
287	070
228	070
090	070
324	070
294	070
090	070
092	070
358	070
092	070
090	070
092	070
307	070
092	070
358	070
092	070
421	070
065	070
016	070
396	070
408	070
327	070
396	070
408	070
104	070
408	070
290	070
408	070
408	070
333	070
333	070
305	070
396	070
417	070
011	071
153	071
303	071
449	071
223	071
011	071
324	071
305	071
305	071
396	071
011	071
011	071
333	071
333	071
290	071
417	071
011	072
106	072
011	072
333	072
440	072
333	072
290	072
333	072
333	072
358	072
106	072
011	072
290	072
290	072
333	072
290	072
290	072
345	072
290	072
417	072
011	073
290	073
290	073
307	073
396	073
324	073
322	073
333	073
299	073
358	073
106	073
011	073
290	073
290	073
333	073
345	073
290	073
345	073
290	073
334	073
333	073
345	073
408	073
358	073
106	073
417	073
011	074
011	074
080	074
290	074
290	074
333	074
290	074
290	074
080	074
345	074
080	074
290	074
134	074
290	074
290	074
290	074
290	074
290	074
290	074
322	074
333	074
383	074
358	074
106	074
011	074
417	074
011	075
290	075
290	075
345	075
290	075
345	075
290	075
333	075
345	075
065	075
358	075
106	075
011	075
290	075
290	075
290	075
333	075
333	075
290	075
065	075
290	075
417	075
011	076
358	076
106	076
011	076
290	076
290	076
290	076
333	076
104	076
065	076
333	076
290	076
290	076
065	076
290	076
358	076
106	076
011	076
290	076
440	076
290	076
290	076
333	076
104	076
065	076
333	076
290	076
290	076
065	076
290	076
417	076
011	077
358	077
106	077
011	077
290	077
290	077
290	077
016	077
065	077
333	077
290	077
065	077
290	077
102	077
119	077
164	077
011	077
102	077
011	077
426	077
418	077
002	077
393	077
144	077
393	077
011	077
417	077
011	078
011	078
049	078
011	078
307	078
011	078
067	078
002	078
209	078
011	078
209	078
011	078
294	078
151	078
090	078
198	078
090	078
264	078
011	078
425	078
417	078
417	078
417	078
144	078
425	078
417	078
294	078
449	078
005	078
144	078
425	078
425	078
144	078
144	078
144	078
144	078
144	078
027	078
119	078
144	078
381	078
186	078
408	078
433	078
417	078
011	079
011	079
011	079
090	079
417	079
077	080
077	080
307	080
324	080
090	080
077	080
153	080
092	080
116	080
077	080
307	080
116	080
307	080
201	080
324	080
092	080
090	080
417	080
116	080
324	080
324	080
201	080
264	080
324	080
077	080
307	080
324	080
175	080
324	080
449	080
179	080
294	080
324	080
116	080
090	080
294	080
119	080
383	080
324	080
264	080
046	080
116	080
283	080
090	080
090	080
376	080
077	080
092	080
029	080
307	080
092	080
029	080
029	080
029	080
307	080
092	080
029	080
417	080
077	081
307	081
077	081
174	081
250	081
101	081
180	081
433	081
282	081
077	081
077	081
307	081
324	081
175	081
383	081
152	081
245	081
371	081
449	081
264	081
324	081
077	081
195	081
417	081
077	082
077	082
201	082
090	082
417	082
077	082
153	082
155	082
185	082
077	082
090	082
417	082
408	082
119	082
090	082
185	082
119	082
155	082
417	082
417	082
283	082
201	082
077	082
379	082
352	082
352	082
201	082
417	082
077	082
185	082
379	082
264	082
449	082
333	082
264	082
036	082
417	082
077	082
264	082
417	082
201	082
155	082
417	082
163	082
119	082
160	082
220	082
426	082
220	082
417	082
077	083
220	083
379	083
119	083
220	083
077	083
209	083
379	083
119	083
417	083
119	083
201	083
417	083
201	083
125	083
125	083
379	083
077	083
426	083
417	083
307	083
390	083
046	083
046	083
060	083
088	083
337	083
307	083
426	083
417	083
077	084
077	084
379	084
027	084
027	084
417	084
201	084
342	084
077	084
391	084
077	084
185	084
027	084
220	084
027	084
220	084
119	084
027	084
263	084
119	084
023	084
307	084
417	084
077	085
379	085
417	085
417	085
379	085
379	085
077	085
115	085
201	085
379	085
119	085
155	085
077	085
200	085
077	085
185	085
324	085
175	085
283	085
376	085
077	085
376	085
077	085
185	085
153	085
417	085
417	085
083	086
083	086
090	086
083	086
153	086
092	086
083	086
090	086
380	086
264	086
090	086
090	086
092	086
036	086
264	086
195	086
090	086
423	086
092	086
090	086
090	086
264	086
090	086
038	086
046	086
153	086
153	086
090	086
376	086
090	086
090	086
077	086
153	086
090	086
089	086
376	086
090	086
264	086
264	086
090	086
417	086
417	086
090	086
153	086
417	086
083	087
083	087
075	087
090	087
092	087
090	087
153	087
153	087
417	087
116	087
090	087
090	087
116	087
195	087
083	087
109	087
417	087
090	087
083	087
153	087
090	087
090	087
090	087
092	087
090	087
083	087
090	087
376	087
201	087
116	087
090	087
376	087
283	087
092	087
090	087
090	087
101	087
083	087
106	087
083	087
083	087
417	087
083	088
090	088
090	088
248	088
057	088
417	088
116	088
083	088
090	088
090	088
248	088
057	088
083	088
335	088
057	088
109	088
423	088
417	088
084	089
084	089
084	089
153	089
092	089
155	089
084	089
090	089
379	089
264	089
264	089
092	089
264	089
119	089
155	089
307	089
169	089
090	089
264	089
449	089
119	089
027	089
174	089
404	089
297	089
320	089
324	089
347	089
307	089
011	089
027	089
324	089
264	089
264	089
324	089
090	089
046	089
155	089
119	089
160	089
220	089
153	089
417	089
417	089
084	090
109	090
090	090
109	090
153	090
092	090
109	090
090	090
116	090
090	090
116	090
195	090
090	090
387	090
153	090
090	090
090	090
116	090
153	090
109	090
417	090
116	090
090	090
090	090
090	090
417	090
109	090
106	090
109	090
083	090
417	090
109	091
109	091
324	091
109	091
153	091
092	091
109	091
324	091
090	091
195	091
408	091
104	091
440	091
250	091
407	091
352	091
289	091
109	091
282	091
449	091
109	091
179	091
347	091
449	091
179	091
449	091
179	091
072	091
072	091
170	091
282	091
170	091
180	091
417	091
417	091
067	092
307	092
141	092
141	092
307	092
090	092
294	092
307	092
141	092
141	092
090	092
067	092
141	092
013	092
294	092
294	092
067	092
294	092
195	092
307	092
153	092
307	092
209	092
376	092
141	092
081	092
153	092
307	092
153	092
376	092
153	092
417	092
049	093
048	093
141	093
039	093
039	093
215	093
270	093
119	093
201	093
141	093
164	093
426	093
299	093
426	093
141	093
141	093
393	093
141	093
195	093
201	093
141	093
181	093
333	093
393	093
155	093
333	093
333	093
440	093
379	093
408	093
426	093
408	093
085	093
263	093
263	093
409	093
263	093
200	093
307	093
085	093
408	093
305	093
440	093
307	093
305	093
382	093
305	093
426	093
305	093
141	093
417	093
077	094
115	094
141	094
379	094
185	094
141	094
153	094
195	094
090	094
195	094
151	094
209	094
379	094
153	094
141	094
276	094
106	094
151	094
151	094
195	094
141	094
196	094
064	094
307	094
307	094
347	094
379	094
052	094
051	094
141	094
379	094
333	094
016	094
077	094
327	094
333	094
185	094
285	094
426	094
426	094
141	094
417	094
119	095
119	095
016	095
119	095
333	095
305	095
310	095
426	095
209	095
077	095
275	095
016	095
209	095
102	095
141	095
379	095
426	095
426	095
199	095
195	095
209	095
426	095
141	095
379	095
383	095
426	095
285	095
141	095
382	095
382	095
141	095
379	095
209	095
426	095
449	095
417	095
092	096
092	096
092	096
090	096
426	096
141	096
426	096
285	096
383	096
141	096
426	096
104	096
440	096
104	096
440	096
141	096
164	096
333	096
141	096
164	096
426	096
426	096
426	096
426	096
141	096
209	096
417	096
092	097
092	097
090	097
426	097
199	097
081	097
173	097
141	097
014	097
141	097
287	097
173	097
014	097
418	097
141	097
209	097
275	097
382	097
418	097
141	097
285	097
158	097
418	097
264	097
158	097
151	097
228	097
356	097
225	097
234	097
418	097
362	097
379	097
144	097
264	097
417	097
209	098
401	098
216	098
141	098
141	098
417	098
170	099
170	099
324	099
090	099
170	099
092	099
170	099
324	099
307	099
379	099
170	099
170	099
170	099
195	099
275	099
324	099
170	099
092	099
324	099
090	099
170	099
092	099
324	099
170	099
092	099
433	099
433	099
433	099
170	099
092	099
282	099
036	099
324	099
170	099
092	099
180	099
179	099
324	099
324	099
004	099
380	099
264	099
092	099
324	099
449	099
333	099
195	099
170	099
092	099
219	099
307	099
170	099
417	099
174	100
174	100
352	100
174	100
153	100
092	100
174	100
174	100
324	100
333	100
421	100
352	100
347	100
449	100
289	100
289	100
347	100
352	100
119	100
289	100
379	100
347	100
174	100
379	100
179	100
174	100
264	100
175	100
289	100
352	100
187	100
347	100
307	100
307	100
352	100
250	100
250	100
109	100
289	100
119	100
174	100
175	100
174	100
376	100
187	100
119	100
250	100
109	100
030	100
174	100
077	100
185	100
324	100
175	100
417	100
174	101
153	101
417	101
109	101
417	101
220	102
119	102
275	102
195	102
417	102
307	102
220	102
119	102
195	102
290	102
119	102
195	102
290	102
417	102
250	103
250	103
250	103
153	103
092	103
381	103
367	103
250	103
379	103
250	103
379	103
289	103
187	103
174	103
383	103
058	103
187	103
168	103
168	103
383	103
053	103
168	103
169	103
347	103
054	103
169	103
169	103
169	103
408	103
119	103
054	103
169	103
407	103
169	103
408	103
187	103
168	103
347	103
187	103
245	103
449	103
168	103
408	103
289	103
408	103
289	103
408	103
169	103
169	103
250	103
169	103
169	103
408	103
169	103
408	103
027	103
119	103
408	103
169	103
054	103
347	103
022	103
347	103
107	103
417	103
250	104
022	104
376	104
090	104
379	104
187	104
058	104
168	104
053	104
347	104
119	104
169	104
054	104
169	104
054	104
058	104
168	104
053	104
169	104
054	104
289	104
119	104
119	104
249	104
090	104
347	104
289	104
250	104
187	104
058	104
168	104
053	104
324	104
347	104
449	104
168	104
053	104
245	104
239	104
245	104
289	104
245	104
239	104
245	104
376	104
152	104
245	104
239	104
168	104
053	104
187	104
058	104
417	104
250	105
347	105
119	105
347	105
408	105
119	105
367	105
022	105
107	105
153	105
417	105
417	105
290	106
290	106
290	106
153	106
092	106
290	106
090	106
290	106
195	106
449	106
281	106
264	106
153	106
153	106
153	106
158	106
376	106
376	106
245	106
368	106
119	106
376	106
163	106
155	106
163	106
113	106
376	106
376	106
417	106
290	107
307	107
290	107
417	107
304	108
304	108
304	108
153	108
092	108
304	108
090	108
092	108
324	108
209	108
153	108
264	108
090	108
153	108
090	108
090	108
153	108
304	108
090	108
264	108
092	108
090	108
153	108
090	108
090	108
153	108
304	108
008	108
264	108
008	108
304	108
090	108
090	108
304	108
090	108
153	108
090	108
304	108
304	108
343	108
343	108
331	108
417	108
307	109
307	109
323	109
090	109
307	109
153	109
092	109
292	109
417	109
195	109
092	109
090	109
153	109
153	109
153	109
158	109
245	109
368	109
119	109
376	109
376	109
163	109
155	109
163	109
113	109
376	109
376	109
245	109
380	109
423	109
153	109
153	109
417	109
307	110
333	110
185	110
187	110
187	110
168	110
169	110
054	110
187	110
069	110
187	110
168	110
069	110
168	110
169	110
069	110
169	110
169	110
069	110
169	110
376	110
174	110
195	110
376	110
181	110
252	110
376	110
421	110
153	110
264	110
380	110
423	110
421	110
421	110
317	110
082	110
153	110
310	110
352	110
153	110
296	110
181	110
153	110
153	110
252	110
292	110
283	110
417	110
209	110
264	110
300	110
264	110
380	110
423	110
264	110
292	110
283	110
307	110
181	110
034	110
269	110
417	110
359	110
417	110
307	111
417	111
307	112
307	112
106	112
307	112
307	112
092	112
153	112
307	112
092	112
153	112
195	112
307	112
307	112
106	112
195	112
264	112
036	112
090	112
264	112
090	112
106	112
092	112
092	112
153	112
153	112
083	112
153	112
195	112
359	112
307	112
106	112
307	112
417	112
275	113
195	113
417	113
307	113
393	113
153	113
119	113
290	113
119	113
195	113
290	113
417	113
331	114
331	114
317	114
417	114
331	114
153	114
092	114
331	114
417	114
274	114
179	114
090	114
090	114
331	114
090	114
090	114
153	114
331	114
090	114
090	114
092	114
153	114
090	114
090	114
008	114
264	114
153	114
090	114
153	114
328	114
090	114
331	114
304	114
331	114
153	114
153	114
304	114
304	114
395	114
331	114
153	114
304	114
324	114
153	114
109	114
174	114
331	114
304	114
153	114
331	114
090	114
331	114
090	114
032	114
417	114
331	115
250	115
324	115
109	115
317	115
090	115
184	115
090	115
331	115
331	115
106	115
331	115
417	115
324	115
027	115
119	115
027	115
027	115
119	115
324	115
324	115
380	115
174	115
324	115
324	115
380	115
174	115
174	115
174	115
289	115
289	115
324	115
380	115
289	115
324	115
324	115
324	115
380	115
404	115
030	115
320	115
030	115
324	115
030	115
417	115
331	116
179	116
324	116
179	116
380	116
178	116
324	116
324	116
404	116
324	116
179	116
179	116
404	116
449	116
324	116
449	116
380	116
297	116
297	116
449	116
404	116
324	116
449	116
449	116
297	116
305	116
449	116
320	116
324	116
449	116
304	116
395	116
174	116
101	116
195	116
331	116
184	116
090	116
331	116
304	116
304	116
395	116
195	116
417	116
343	117
343	117
343	117
153	117
092	117
343	117
376	117
329	117
294	117
304	117
304	117
304	117
027	117
174	117
153	117
417	117
417	117
395	118
395	118
395	118
153	118
092	118
395	118
174	118
449	118
395	118
264	118
090	118
153	118
395	118
090	118
449	118
324	118
395	118
250	118
331	118
417	118
423	119
423	119
264	119
423	119
153	119
376	119
383	119
423	119
264	119
264	119
166	119
380	119
264	119
036	119
223	119
116	119
264	119
264	119
423	119
264	119
264	119
036	119
380	119
417	119
264	119
264	119
195	119
423	119
264	119
417	119
423	120
307	120
278	120
423	120
423	120
423	120
264	120
417	120
195	120
264	120
423	120
417	120
448	121
448	121
131	121
448	121
218	121
060	121
018	121
448	121
299	121
153	121
153	121
202	121
153	121
202	121
153	121
090	121
202	121
299	121
002	121
294	121
299	121
184	121
426	121
202	121
164	121
090	121
426	121
225	121
154	121
119	121
011	121
141	121
270	121
143	121
204	121
236	121
236	121
236	121
236	121
270	121
286	121
426	121
202	121
039	121
119	121
286	121
417	121
448	122
039	122
119	122
200	122
448	122
270	122
039	122
213	122
398	122
448	122
090	122
225	122
154	122
119	122
294	122
426	122
202	122
153	122
294	122
090	122
448	122
202	122
202	122
426	122
426	122
039	122
448	122
448	122
328	122
417	123
328	123
119	123
328	123
197	123
328	123
234	123
353	123
393	123
417	123
090	123
328	123
294	123
090	123
417	123
328	123
234	123
067	123
307	123
128	123
314	123
107	123
090	123
107	123
328	123
340	123
107	123
328	123
119	124
328	124
328	125
067	125
153	125
376	125
328	125
314	125
314	125
328	125
328	125
328	125
328	125
090	125
107	125
119	125
307	125
307	125
314	125
307	125
119	125
328	125
209	125
196	125
328	125
107	126
328	126
092	126
090	126
107	126
107	126
153	126
376	126
328	126
107	126
328	126
119	126
328	126
119	126
328	126
106	126
106	126
328	126
106	126
106	126
328	126
328	127
153	127
107	127
107	127
090	127
314	127
328	127
376	127
153	127
218	127
220	127
376	127
218	127
119	127
218	127
220	127
218	127
060	127
273	127
219	127
376	127
273	127
219	127
376	127
408	127
408	127
376	127
408	127
408	127
376	127
328	127
219	128
376	128
096	128
389	128
406	128
426	128
119	128
328	128
328	128
341	129
340	129
107	129
340	129
107	129
376	129
314	129
340	129
107	129
340	129
107	129
106	129
328	129
340	129
328	129
314	129
107	129
409	129
119	129
328	129
011	130
011	130
223	130
144	130
377	130
377	130
423	130
264	130
275	130
119	131
011	132
011	132
011	132
417	132
011	132
011	132
255	132
038	132
011	132
011	132
417	132
223	133
264	133
417	133
155	133
223	133
376	133
181	133
201	133
307	133
153	133
144	134
144	134
155	134
275	134
275	134
275	134
218	134
089	134
304	134
150	134
292	134
377	135
377	135
377	135
181	135
223	135
164	135
264	135
264	135
264	135
377	135
359	135
252	135
252	135
423	135
423	136
264	136
423	136
264	136
119	136
264	136
223	136
264	136
245	136
417	136
423	136
411	136
417	136
165	136
162	136
380	136
083	136
036	136
090	136
421	136
036	136
100	136
421	136
421	136
036	136
307	136
403	136
153	136
036	136
403	136
153	136
292	136
036	136
300	136
036	136
300	136
300	136
387	136
153	136
264	136
423	137
300	137
264	137
223	137
181	137
377	137
196	137
090	137
219	137
264	137
090	137
219	137
245	137
264	137
090	137
219	137
264	137
090	137
219	137
307	137
106	137
377	137
144	137
423	138
144	138
141	138
141	138
276	138
276	138
272	138
426	138
310	138
292	138
097	138
097	138
092	138
144	138
423	139
119	139
144	139
423	140
276	140
276	140
276	140
310	140
393	140
409	140
144	140
218	140
027	140
027	140
119	140
218	140
119	140
218	140
409	140
119	140
237	140
409	140
027	140
158	140
263	140
090	140
218	140
089	140
271	140
195	140
276	140
195	140
276	140
218	140
421	140
421	140
352	140
307	140
179	140
090	140
218	140
186	140
016	140
144	140
276	141
016	141
449	141
016	141
218	141
426	141
313	141
379	141
390	141
307	141
408	141
426	141
390	141
313	141
218	141
027	141
192	141
174	141
352	141
347	141
218	141
186	141
313	141
379	141
408	141
218	141
310	141
404	141
310	141
225	141
310	141
276	141
310	141
276	141
303	141
310	141
218	141
269	141
101	141
154	141
027	141
269	141
218	141
280	141
237	141
269	141
396	141
219	141
280	141
237	141
305	141
218	141
409	141
119	141
070	141
269	141
218	141
101	141
327	141
218	141
007	141
425	141
218	141
007	141
425	141
144	141
276	142
218	142
425	142
218	142
412	142
269	142
425	142
218	142
425	142
158	142
269	142
218	142
119	142
396	142
219	142
218	142
007	142
310	142
007	142
310	142
218	142
409	142
323	142
269	142
263	142
218	142
072	142
269	142
218	142
126	142
218	142
218	142
245	142
218	142
401	142
282	142
379	142
218	142
089	142
119	142
388	142
310	142
310	142
379	142
090	142
153	142
310	142
359	142
144	142
276	143
083	143
092	143
218	143
276	143
396	143
276	143
390	143
390	143
390	143
276	143
310	143
218	143
333	143
218	143
016	143
218	143
327	143
218	143
104	143
218	143
109	143
218	143
170	143
218	143
250	143
218	143
290	143
218	143
333	143
416	143
218	143
101	143
433	143
218	143
170	143
433	143
170	143
180	143
170	143
282	143
218	143
101	143
218	143
101	143
180	143
218	143
109	143
180	143
109	143
282	143
144	143
276	144
310	144
195	144
310	144
393	144
144	144
218	144
390	144
218	144
393	144
144	144
393	144
333	144
305	144
333	144
416	144
305	144
218	144
393	144
144	144
393	144
016	144
305	144
218	144
393	144
144	144
393	144
327	144
305	144
218	144
393	144
144	144
393	144
104	144
305	144
218	144
393	144
144	144
393	144
077	144
155	144
119	144
115	144
218	144
393	144
144	144
393	144
155	144
119	144
155	144
218	144
393	144
144	144
393	144
109	144
109	144
180	144
218	144
393	144
144	144
393	144
174	144
174	144
119	144
218	144
393	144
144	144
393	144
250	144
381	144
192	144
192	144
367	144
245	144
239	144
218	144
393	144
144	144
393	144
290	144
144	144
276	145
218	145
393	145
144	145
393	145
313	145
426	145
218	145
393	145
144	145
393	145
343	145
420	145
218	145
393	145
144	145
393	145
101	145
433	145
219	145
305	145
101	145
282	145
426	145
401	145
401	145
305	145
101	145
180	145
426	145
305	145
218	145
393	145
144	145
393	145
333	145
416	145
305	145
218	145
393	145
144	145
393	145
101	145
433	145
305	145
218	145
393	145
144	145
393	145
170	145
433	145
170	145
282	145
170	145
180	145
218	145
393	145
144	145
393	145
101	145
282	145
426	145
401	145
401	145
305	145
218	145
393	145
144	145
393	145
101	145
180	145
426	145
305	145
195	145
393	145
195	145
218	145
382	145
218	145
382	145
225	145
218	145
186	145
269	145
144	145
276	146
269	146
218	146
225	146
324	146
119	146
218	146
390	146
310	146
225	146
310	146
195	146
218	146
064	146
196	146
390	146
218	146
154	146
072	146
163	146
419	146
218	146
075	146
382	146
141	146
075	146
218	146
271	146
262	146
220	146
218	146
375	146
271	146
277	146
310	146
144	146
310	147
310	147
249	147
179	147
349	147
209	147
349	147
433	147
421	147
119	147
433	147
119	147
266	147
305	147
433	147
119	147
305	147
408	147
001	147
433	147
421	147
310	147
001	147
433	147
433	147
119	147
400	147
408	147
433	147
421	147
007	147
425	147
001	147
007	147
433	147
421	147
144	147
180	148
007	148
179	148
007	148
180	148
179	148
426	148
180	148
072	148
119	148
408	148
180	148
433	148
179	148
180	148
179	148
297	148
434	148
282	148
282	148
379	148
282	148
423	148
264	148
282	148
046	148
349	148
282	148
433	148
001	148
282	148
144	148
282	149
092	149
282	149
379	149
092	149
324	149
092	149
282	149
379	149
404	149
271	149
310	149
404	149
375	149
271	149
310	149
303	149
144	149
272	150
310	150
209	150
426	150
310	150
292	150
090	150
276	150
409	150
209	150
272	150
310	150
219	150
271	150
181	150
013	150
426	150
310	150
310	150
181	150
013	150
272	150
310	150
183	150
375	150
271	150
310	150
225	150
023	150
070	150
303	150
269	150
425	150
444	150
070	150
269	150
263	150
154	150
265	150
163	150
163	150
183	150
419	150
183	150
163	150
425	150
393	150
144	150
272	151
200	151
154	151
154	151
263	151
393	151
272	151
310	151
271	151
067	151
067	151
350	151
174	151
310	151
155	151
272	151
174	151
144	151
097	152
097	152
310	152
272	152
310	152
007	152
007	152
310	152
426	152
007	152
426	152
310	152
181	152
007	152
158	152
426	152
310	152
310	152
225	152
364	152
310	152
225	152
310	152
225	152
310	152
225	152
310	152
225	152
181	152
303	152
181	152
303	152
007	152
119	152
144	152
097	153
007	153
119	153
046	153
007	153
396	153
219	153
333	153
416	153
119	153
046	153
144	153
092	154
090	154
393	154
353	154
290	154
290	154
433	154
290	154
001	154
333	154
290	154
297	154
126	154
004	154
416	154
186	154
027	154
027	154
220	154
126	154
027	154
027	154
119	154
144	154
092	155
186	155
027	155
155	155
155	155
119	155
155	155
119	155
080	155
027	155
119	155
443	155
027	155
046	155
408	155
408	155
417	155
285	155
046	155
109	155
109	155
119	155
046	155
109	155
186	155
180	155
072	155
179	155
282	155
170	155
282	155
109	155
186	155
297	155
072	155
349	155
174	155
288	155
174	155
238	155
262	155
119	155
144	155
092	156
352	156
119	156
174	156
186	156
119	156
174	156
119	156
174	156
046	156
174	156
174	156
174	156
174	156
433	156
174	156
001	156
090	156
175	156
170	156
119	156
170	156
234	156
351	156
234	156
119	156
170	156
433	156
170	156
433	156
170	156
433	156
170	156
281	156
170	156
180	156
072	156
349	156
179	156
170	156
404	156
271	156
170	156
404	156
375	156
271	156
303	156
144	156
092	157
250	157
119	157
250	157
119	157
250	157
298	157
192	157
169	157
169	157
347	157
250	157
192	157
298	157
347	157
250	157
250	157
395	157
195	157
359	157
395	157
092	157
250	157
126	157
192	157
119	157
347	157
250	157
192	157
443	157
207	157
187	157
187	157
347	157
046	157
250	157
381	157
169	157
054	157
187	157
058	157
168	157
053	157
250	157
027	157
027	157
250	157
275	157
275	157
250	157
152	157
425	157
152	157
144	157
092	158
250	158
245	158
425	158
245	158
250	158
152	158
273	158
245	158
275	158
250	158
250	158
239	158
425	158
250	158
245	158
425	158
147	158
239	158
425	158
250	158
186	158
354	158
369	158
119	158
250	158
195	158
250	158
169	158
022	158
107	158
250	158
433	158
324	158
250	158
354	158
369	158
119	158
444	158
381	158
169	158
054	158
343	158
343	158
361	158
090	158
090	158
343	158
343	158
343	158
343	158
119	158
046	158
144	158
092	159
077	159
119	159
077	159
027	159
119	159
219	159
077	159
027	159
125	159
077	159
027	159
027	159
077	159
212	159
027	159
212	159
077	159
077	159
264	159
077	159
077	159
185	159
264	159
264	159
348	159
116	159
077	159
125	159
119	159
077	159
185	159
125	159
119	159
417	159
119	159
077	159
119	159
364	159
076	159
185	159
077	159
077	159
077	159
382	159
119	159
185	159
163	159
077	159
415	159
442	159
119	159
185	159
077	159
409	159
027	159
409	159
409	159
144	159
092	160
077	160
350	160
174	160
174	160
109	160
119	160
077	160
077	160
077	160
174	160
077	160
421	160
077	160
352	160
077	160
119	160
077	160
077	160
185	160
077	160
077	160
265	160
442	160
119	160
185	160
077	160
270	160
077	160
279	160
077	160
077	160
238	160
443	160
147	160
046	160
090	160
408	160
046	160
125	160
077	160
433	160
201	160
077	160
438	160
126	160
077	160
119	160
408	160
077	160
438	160
119	160
075	160
441	160
077	160
438	160
119	160
144	160
092	161
155	161
119	161
119	161
220	161
077	161
297	161
144	161
307	162
307	163
307	163
090	163
106	163
090	163
307	163
206	163
310	163
307	163
307	163
417	163
401	163
223	163
293	163
293	163
195	163
307	163
417	163
090	163
106	163
307	164
223	164
195	164
252	164
252	164
310	164
383	164
170	164
408	164
408	164
169	164
324	164
264	164
119	164
195	164
290	164
307	165
290	165
090	165
090	165
310	165
310	165
119	165
408	165
119	165
408	165
310	165
310	165
310	165
330	165
310	165
307	166
290	166
310	166
310	166
310	166
333	166
324	166
119	166
307	167
313	167
333	167
119	167
408	167
313	167
102	167
333	167
333	167
219	167
119	167
307	168
333	168
316	168
119	168
333	168
393	168
144	168
218	168
390	168
393	168
310	168
393	168
144	168
114	168
219	168
316	168
396	168
310	168
307	169
333	169
305	169
310	169
408	169
333	169
440	169
307	170
310	170
310	170
195	170
195	170
310	170
310	170
333	170
440	170
310	170
310	170
333	170
440	170
310	170
307	171
305	171
305	171
090	171
408	171
166	171
307	172
333	172
393	172
144	172
218	172
390	172
119	172
119	172
119	172
119	172
202	172
310	172
310	172
310	172
307	173
333	173
269	173
006	173
251	173
305	173
440	173
440	173
310	173
016	173
195	173
307	174
310	174
090	174
440	174
333	174
440	174
310	174
310	174
417	174
128	174
202	174
417	174
307	175
128	175
046	175
310	175
417	175
119	175
128	175
333	175
440	175
440	175
310	175
128	175
128	175
252	175
128	175
310	175
307	176
333	176
440	176
307	177
290	177
333	177
440	177
218	177
426	177
313	177
379	177
307	178
408	178
037	178
313	178
310	178
313	178
333	178
440	178
316	178
408	178
119	178
408	178
119	178
408	178
310	178
310	178
333	178
440	178
310	178
307	179
333	179
440	179
119	179
310	179
119	179
324	179
310	179
333	179
440	179
324	179
324	179
090	179
307	180
170	180
170	180
092	180
092	180
046	180
027	180
174	180
178	180
264	180
264	180
297	180
264	180
404	180
170	180
195	180
307	181
170	181
408	181
408	181
169	181
324	181
264	181
119	181
170	181
219	181
027	181
220	181
090	181
163	181
046	181
439	181
163	181
046	181
001	181
119	181
290	181
333	181
119	181
396	181
307	182
313	182
333	182
347	182
119	182
119	182
310	182
313	182
333	182
307	183
310	183
333	183
440	183
305	183
280	183
237	183
333	183
440	183
307	184
333	184
440	184
333	184
440	184
408	184
280	184
237	184
426	184
307	185
333	185
440	185
310	185
333	185
440	185
409	185
280	185
237	185
409	185
307	186
280	186
237	186
007	186
264	186
119	186
007	186
333	186
396	186
119	186
333	186
310	186
307	187
333	187
440	187
245	187
007	187
080	187
408	187
245	187
245	187
119	187
238	187
119	187
408	187
119	187
014	187
305	187
310	187
307	188
333	188
007	188
310	188
007	188
305	188
219	188
307	189
333	189
440	189
310	189
307	190
333	190
440	190
007	190
305	190
310	190
219	190
310	190
307	191
333	191
440	191
440	191
119	191
007	191
310	191
333	191
080	191
080	191
408	191
007	191
269	191
307	192
080	192
245	192
240	192
014	192
119	192
408	192
310	192
333	192
007	192
007	192
090	192
310	192
307	193
333	193
046	193
219	193
307	194
333	194
046	194
440	194
007	194
007	194
119	194
090	194
046	194
119	194
310	194
046	194
408	194
396	194
310	194
307	195
333	195
046	195
440	195
119	195
333	195
046	195
440	195
307	196
119	196
080	196
310	196
333	196
046	196
440	196
305	196
310	196
310	196
307	197
333	197
046	197
440	197
440	197
046	197
440	197
316	197
333	197
185	197
440	197
119	197
310	197
307	198
333	198
185	198
440	198
290	198
333	198
185	198
290	198
333	198
185	198
310	198
218	198
126	198
333	198
185	198
119	198
408	198
090	198
307	199
090	199
016	199
327	199
104	199
219	199
016	199
119	199
263	199
119	199
310	199
009	199
310	199
313	199
327	199
016	199
324	199
016	199
327	199
104	199
408	199
426	199
195	199
307	200
327	200
440	200
327	200
440	200
290	200
307	201
104	201
440	201
245	201
104	201
408	201
104	201
324	201
310	201
408	201
426	201
408	201
310	201
313	201
333	201
440	201
310	201
307	202
327	202
440	202
195	202
109	202
195	202
224	202
264	202
090	203
090	203
324	203
090	203
383	203
307	203
090	203
083	203
090	203
417	203
083	203
090	203
090	203
092	203
036	203
324	203
264	203
264	203
092	203
264	203
307	203
290	203
264	203
234	203
307	203
423	203
395	203
331	203
083	203
109	203
304	203
090	203
153	203
264	203
264	203
090	203
090	203
083	203
090	204
090	204
395	204
195	204
383	204
395	204
092	204
264	204
324	204
090	204
449	204
324	204
307	204
324	204
307	204
333	204
185	204
333	204
185	204
324	204
408	204
313	204
313	204
333	204
185	204
440	204
307	204
155	204
119	204
310	204
054	204
155	204
119	204
090	205
046	205
046	205
163	205
046	205
220	205
408	205
046	205
119	205
119	205
408	205
046	205
417	205
046	205
090	205
090	205
408	205
046	205
046	205
408	205
408	205
408	205
408	205
046	205
324	205
408	205
119	205
155	205
170	205
307	205
195	205
170	205
090	206
443	206
343	206
420	206
262	206
381	206
169	206
409	206
423	206
027	206
409	206
212	206
192	206
343	206
343	206
304	206
234	206
201	206
090	206
090	206
090	206
016	206
077	206
016	206
408	206
324	206
077	206
201	206
090	206
417	206
090	206
294	206
201	206
090	206
201	206
090	206
119	206
307	206
016	206
090	207
016	207
016	207
119	207
119	207
016	207
408	207
077	207
077	207
090	207
417	207
155	207
077	207
417	207
090	207
128	207
155	207
218	207
263	207
119	207
201	207
077	207
195	207
090	208
077	208
077	208
077	208
201	208
279	208
417	208
155	208
119	208
077	208
155	208
119	208
119	208
155	208
417	208
220	208
220	208
220	208
426	208
220	208
119	208
417	208
426	208
220	208
077	208
077	208
090	208
077	208
090	208
417	208
201	208
077	208
185	208
264	208
090	209
201	209
220	209
220	209
077	209
060	209
185	209
119	209
220	209
119	209
263	209
119	209
307	209
379	209
060	209
119	209
218	209
155	209
302	209
201	209
417	209
125	209
119	209
090	210
077	210
185	210
201	210
408	210
029	210
163	210
077	210
077	210
077	210
077	210
382	210
119	210
185	210
408	210
201	210
408	210
163	210
408	210
201	210
077	210
382	210
119	210
185	210
263	210
090	211
077	211
187	211
168	211
201	211
119	211
408	211
169	211
119	211
408	211
075	211
077	211
075	211
119	211
201	211
077	211
220	211
119	211
158	211
077	211
201	211
077	211
077	211
077	211
185	211
077	211
379	211
201	211
119	211
155	211
077	211
185	211
077	211
185	211
201	211
090	211
301	211
119	211
090	211
294	211
201	211
090	211
125	211
119	211
077	211
125	211
119	211
090	212
119	212
046	212
119	212
125	212
119	212
125	212
125	212
077	212
185	212
417	212
219	212
119	212
447	212
046	212
447	212
046	212
088	212
060	212
337	212
195	212
250	212
407	212
408	212
169	212
109	212
155	212
077	212
090	212
090	212
119	212
201	212
090	212
077	212
313	212
016	212
090	213
105	213
077	213
119	213
105	213
219	213
219	213
125	213
119	213
105	213
181	213
276	213
269	213
382	213
105	213
077	213
201	213
077	213
185	213
105	213
077	213
185	213
371	213
077	213
185	213
119	213
408	213
119	213
077	213
201	213
119	213
324	213
090	213
077	213
016	213
310	213
307	213
090	214
310	214
383	214
169	214
187	214
168	214
383	214
169	214
169	214
169	214
408	214
408	214
310	214
313	214
333	214
440	214
408	214
119	214
324	214
324	214
245	214
168	214
383	214
168	214
449	214
408	214
119	214
119	214
192	214
119	214
347	214
168	214
119	214
408	214
168	214
119	214
310	214
333	214
440	214
408	214
408	214
169	214
168	214
449	214
187	214
187	214
119	214
192	214
119	214
119	214
408	214
187	214
408	214
383	214
187	214
119	214
310	214
333	214
440	214
090	215
187	215
310	215
333	215
440	215
310	215
187	215
264	215
250	215
250	215
168	215
250	215
187	215
250	215
169	215
168	215
187	215
168	215
187	215
408	215
347	215
408	215
408	215
168	215
187	215
119	215
408	215
408	215
119	215
250	215
152	215
090	216
408	216
250	216
187	216
440	216
152	216
250	216
250	216
187	216
440	216
152	216
090	216
152	216
376	216
168	216
245	216
250	216
245	216
245	216
250	216
408	216
152	216
245	216
245	216
250	216
168	216
440	216
152	216
245	216
250	216
168	216
440	216
245	216
245	216
270	216
168	216
239	216
393	216
245	216
168	216
187	216
054	216
053	216
058	216
090	217
408	217
250	217
058	217
440	217
152	217
187	217
408	217
220	217
408	217
324	217
327	217
119	217
408	217
408	217
426	217
119	217
408	217
169	217
169	217
187	217
192	217
119	217
169	217
054	217
250	217
169	217
408	217
119	217
119	217
408	217
169	217
169	217
054	217
324	217
187	217
116	217
347	217
310	217
324	217
090	218
313	218
313	218
250	218
168	218
250	218
168	218
333	218
440	218
168	218
333	218
440	218
333	218
440	218
333	218
440	218
168	218
333	218
440	218
168	218
333	218
440	218
408	218
408	218
119	218
168	218
190	218
090	219
168	219
347	219
187	219
250	219
187	219
333	219
440	219
187	219
310	219
333	219
440	219
168	219
187	219
347	219
333	219
440	219
383	219
333	219
440	219
347	219
310	219
449	219
439	219
347	219
264	219
408	219
187	219
187	219
187	219
408	219
119	219
408	219
152	219
116	219
347	219
408	219
090	220
116	220
116	220
408	220
116	220
408	220
408	220
169	220
187	220
169	220
169	220
383	220
077	220
016	220
408	220
169	220
119	220
408	220
169	220
168	220
408	220
305	220
440	220
408	220
187	220
439	220
187	220
408	220
187	220
168	220
408	220
408	220
316	220
421	220
168	220
408	220
119	220
408	220
187	220
168	220
016	220
327	220
168	220
187	220
168	220
187	220
090	221
347	221
347	221
192	221
119	221
119	221
119	221
168	221
168	221
305	221
347	221
347	221
187	221
347	221
119	221
347	221
408	221
187	221
347	221
347	221
220	221
347	221
119	221
347	221
320	221
027	221
174	221
404	221
297	221
090	221
408	221
090	221
027	221
408	221
027	221
174	221
408	221
352	221
294	221
395	221
119	221
168	221
395	221
090	221
245	221
395	221
090	221
395	221
090	221
324	221
090	221
395	221
395	221
090	222
187	222
168	222
408	222
168	222
449	222
305	222
440	222
119	222
168	222
119	222
119	222
352	222
174	222
352	222
408	222
195	222
352	222
174	222
174	222
350	222
352	222
119	222
169	222
408	222
408	222
408	222
376	222
187	222
310	222
313	222
333	222
440	222
119	222
408	222
408	222
187	222
310	222
333	222
440	222
168	222
090	223
305	223
408	223
324	223
168	223
168	223
058	223
352	223
169	223
383	223
119	223
439	223
250	223
168	223
440	223
152	223
245	223
119	223
408	223
347	223
352	223
174	223
119	223
289	223
408	223
289	223
175	223
289	223
408	223
289	223
352	223
316	223
119	223
174	223
289	223
408	223
305	223
440	223
289	223
174	223
174	223
376	223
187	223
310	223
333	223
440	223
352	223
408	223
408	223
408	223
408	223
408	223
090	224
316	224
352	224
289	224
352	224
179	224
090	224
100	224
421	224
421	224
090	224
294	224
331	224
304	224
090	224
100	224
421	224
304	224
331	224
100	224
421	224
421	224
100	224
421	224
016	224
327	224
104	224
195	224
264	224
100	224
421	224
310	224
082	224
090	225
169	225
310	225
313	225
016	225
100	225
421	225
408	225
408	225
310	225
100	225
421	225
349	225
352	225
289	225
100	225
421	225
100	225
421	225
310	225
100	225
421	225
307	225
324	225
100	225
421	225
324	225
352	225
181	225
408	225
100	225
421	225
408	225
090	226
331	226
409	226
317	226
417	226
421	226
109	226
250	226
174	226
417	226
417	226
090	226
195	226
331	226
331	226
158	226
090	226
331	226
310	226
250	226
331	226
250	226
250	226
201	226
383	226
250	226
303	226
331	226
109	226
174	226
324	226
331	226
304	226
324	226
304	226
331	226
264	226
082	226
252	226
090	227
310	227
264	227
331	227
270	227
153	227
270	227
304	227
304	227
324	227
090	227
092	227
270	227
417	227
331	227
331	227
331	227
376	227
013	227
331	227
331	227
331	227
331	227
119	227
352	227
289	227
331	227
158	227
304	227
304	227
324	227
324	227
304	227
092	227
090	227
090	228
304	228
304	228
270	228
153	228
324	228
304	228
324	228
324	228
324	228
304	228
264	228
449	229
449	229
090	229
449	229
090	229
245	229
090	229
324	229
417	229
383	229
158	229
449	229
408	229
449	229
090	229
417	229
220	229
245	229
408	229
408	229
408	229
408	229
027	229
408	229
046	229
155	229
119	229
119	229
027	229
408	229
027	229
027	229
324	229
449	230
408	230
408	230
408	230
046	230
046	230
408	230
046	230
408	230
408	230
046	230
408	230
408	230
324	230
245	230
408	230
347	230
324	230
347	230
119	230
166	230
119	230
027	230
408	230
408	230
245	230
347	230
347	230
119	230
166	230
119	230
449	230
119	230
347	230
347	230
408	230
245	230
347	230
408	230
027	230
119	230
408	230
347	230
027	230
449	231
166	231
218	231
408	231
408	231
449	231
408	231
333	231
007	231
324	231
408	231
408	231
408	231
408	231
408	231
408	231
408	231
449	231
449	232
169	232
168	232
187	232
347	232
169	232
119	232
408	232
408	232
169	232
408	232
168	232
187	232
119	232
408	232
169	232
104	232
324	232
327	232
104	232
016	232
408	232
327	232
408	232
449	232
169	232
169	232
250	232
077	232
016	232
408	232
119	232
408	232
016	232
408	232
104	232
408	232
016	232
408	232
333	232
305	232
408	232
169	232
054	232
449	232
077	232
449	232
324	232
169	232
169	232
250	232
379	232
169	232
449	233
250	233
169	233
119	233
119	233
408	233
169	233
168	233
168	233
408	233
347	233
449	233
168	233
347	233
168	233
168	233
158	233
383	233
347	233
168	233
158	233
408	233
347	233
168	233
119	233
408	233
168	233
347	233
168	233
250	233
168	233
168	233
245	233
250	233
177	233
250	233
168	233
053	233
449	233
449	234
077	234
168	234
245	234
408	234
245	234
168	234
347	234
168	234
347	234
168	234
386	234
347	234
119	234
408	234
408	234
187	234
187	234
408	234
347	234
347	234
187	234
197	234
347	234
449	234
197	234
449	234
347	234
347	234
347	234
347	234
027	234
408	234
347	234
408	234
449	235
160	235
347	235
408	235
408	235
347	235
220	235
408	235
347	235
408	235
347	235
119	235
408	235
347	235
187	235
408	235
408	235
449	236
187	236
250	236
160	236
169	236
187	236
347	236
250	236
119	236
408	236
090	236
090	236
279	236
279	236
279	236
090	236
279	236
090	236
116	236
279	236
116	236
092	236
092	236
090	236
324	236
027	236
180	236
297	236
174	236
324	236
175	236
383	236
449	237
092	237
090	237
083	237
116	237
092	237
324	237
090	237
417	237
116	237
092	237
333	237
185	237
324	237
324	237
046	237
046	237
046	237
264	237
410	237
307	237
234	237
264	237
324	237
090	237
264	237
324	237
324	237
092	237
092	237
252	238
252	238
252	238
181	238
092	238
252	238
128	238
307	238
252	238
252	238
195	238
252	238
232	238
307	238
252	238
092	238
289	238
376	238
252	238
252	238
252	238
252	238
252	238
232	238
232	238
252	238
232	238
249	238
270	238
252	238
270	238
378	238
296	238
378	238
252	238
252	238
378	238
092	238
252	238
252	238
232	238
283	238
283	238
252	239
390	239
252	239
232	239
423	239
264	239
252	239
223	239
270	239
270	239
264	239
264	239
252	239
252	239
195	239
195	239
377	239
264	239
264	239
252	239
252	239
296	239
252	239
252	239
296	239
252	240
296	240
296	240
270	240
252	240
252	240
252	240
252	240
119	240
252	240
276	240
307	240
252	240
270	240
252	240
276	240
252	240
376	240
119	240
173	240
294	240
252	240
294	240
252	240
376	240
158	240
232	240
294	240
376	240
252	240
119	240
252	240
232	240
232	240
226	240
390	240
252	240
202	240
202	240
252	240
252	240
252	241
195	241
252	241
362	241
252	241
307	241
252	241
380	241
252	241
252	241
270	241
270	241
252	241
252	241
270	241
252	241
195	241
195	241
195	241
252	241
252	241
307	241
391	241
025	241
418	241
184	241
252	241
276	241
025	241
307	241
090	241
252	242
184	242
252	242
184	242
252	242
294	242
294	242
252	242
252	242
383	242
252	242
252	242
170	242
016	242
043	242
128	242
170	242
173	242
219	242
290	242
330	242
359	242
401	242
090	242
149	242
252	242
252	242
195	242
119	242
166	242
195	242
195	242
252	243
166	243
252	243
275	243
252	243
195	243
226	243
232	243
195	243
195	243
275	243
232	243
275	243
252	243
252	243
195	243
311	243
252	243
252	243
252	243
252	243
252	243
195	243
252	243
252	243
252	243
195	243
195	243
261	243
016	243
252	243
303	243
252	243
043	243
252	244
195	244
173	244
235	244
235	244
235	244
235	244
232	244
173	244
205	244
205	244
226	244
173	244
269	244
269	244
257	244
252	245
263	245
439	245
002	245
406	245
406	245
232	245
269	245
252	246
264	246
445	246
283	246
390	246
390	246
264	246
445	246
195	246
005	246
116	246
252	246
195	246
296	246
128	246
128	246
232	246
232	246
080	246
226	246
252	246
275	246
195	246
275	246
252	246
128	246
252	247
252	247
128	247
119	247
128	247
252	247
252	247
423	247
087	247
128	247
252	247
128	247
232	247
232	247
151	247
128	247
252	247
195	247
195	247
307	247
252	247
195	247
296	247
276	247
276	247
232	247
430	247
226	247
252	247
276	247
307	247
362	247
276	247
307	247
379	247
252	247
252	247
408	247
232	247
252	248
252	248
232	248
252	248
232	248
252	248
296	248
252	248
270	248
252	248
232	248
170	248
252	248
173	248
252	248
195	248
195	248
252	248
173	248
252	248
252	249
173	249
002	249
195	249
252	249
296	249
158	249
232	249
252	249
376	249
346	249
195	249
173	249
252	249
173	249
119	249
252	249
252	249
252	249
296	249
391	249
252	249
002	249
155	249
296	249
252	250
235	250
195	250
252	250
252	250
296	250
173	250
235	250
219	250
232	250
226	250
276	250
232	250
158	250
232	250
252	250
195	250
232	250
195	250
252	250
252	250
252	250
376	250
376	250
195	250
252	250
290	250
252	250
232	250
252	250
252	250
195	250
296	250
252	251
391	251
224	251
330	251
252	251
359	251
195	251
417	251
417	251
359	251
195	251
292	251
359	251
294	251
294	251
232	251
232	251
080	251
232	251
294	251
275	251
294	251
275	251
252	251
275	251
232	251
232	251
252	252
359	252
359	252
359	252
181	252
359	252
252	252
359	252
226	252
359	252
252	252
359	252
275	252
252	252
359	252
195	252
181	252
359	252
359	252
252	252
359	252
252	252
401	252
090	252
252	252
149	252
232	252
252	252
101	252
232	252
232	252
232	252
158	252
232	252
376	252
252	253
252	253
158	253
195	253
232	253
252	253
195	253
296	253
252	253
195	253
252	253
296	253
252	253
294	253
417	253
011	254
011	254
011	254
182	254
449	254
209	254
294	254
090	254
141	254
197	254
011	254
011	254
322	254
449	254
090	254
294	254
316	254
323	254
003	254
011	254
090	254
011	254
011	254
141	254
090	254
011	254
090	254
294	254
299	254
294	254
089	254
382	254
090	254
209	254
249	254
426	254
090	254
294	254
090	254
249	254
393	254
090	254
294	254
245	254
090	254
092	254
417	254
011	255
294	255
090	255
249	255
294	255
090	255
299	255
294	255
353	255
141	255
090	255
294	255
090	255
090	255
294	255
011	255
287	255
417	255
067	255
253	255
393	255
011	255
393	255
144	255
090	255
090	255
090	255
090	255
008	255
146	255
090	255
090	255
090	255
417	255
011	256
209	256
090	256
209	256
090	256
003	256
090	256
090	256
090	256
090	256
090	256
294	256
426	256
011	256
426	256
090	256
011	256
426	256
011	256
294	256
383	256
090	256
090	256
090	256
324	256
119	256
011	256
324	256
011	256
294	256
324	256
011	256
067	256
324	256
119	256
090	256
324	256
011	256
417	256
011	257
307	257
383	257
090	257
011	257
307	257
011	257
303	257
449	257
303	257
321	257
303	257
321	257
303	257
090	257
303	257
426	257
090	257
090	257
294	257
324	257
179	257
449	257
200	257
263	257
263	257
200	257
119	257
426	257
220	257
119	257
426	257
090	257
119	257
011	257
179	257
090	257
175	257
449	257
175	257
264	257
175	257
011	257
090	257
316	257
119	257
408	257
324	257
011	257
417	257
294	257
049	257
067	257
209	257
141	257
011	257
013	257
011	257
067	257
417	257
011	258
011	258
013	258
360	258
225	258
154	258
119	258
426	258
164	258
011	258
294	258
133	258
011	258
011	258
067	258
228	258
090	258
011	258
090	258
294	258
387	258
165	258
423	258
150	258
165	258
150	258
090	258
116	258
090	258
011	258
294	258
209	258
294	258
336	258
077	258
356	258
225	258
417	258
234	258
356	258
011	258
067	258
090	258
011	258
294	258
090	258
209	258
090	258
370	258
090	258
209	258
417	258
011	259
090	259
011	259
294	259
011	259
294	259
219	259
011	259
011	259
294	259
011	259
153	259
049	259
011	259
067	259
048	259
048	259
011	259
209	259
011	259
011	259
294	259
011	259
067	259
011	259
090	259
011	259
294	259
417	259
039	259
011	259
323	259
011	259
294	259
090	259
090	259
090	259
324	259
090	259
119	259
408	259
119	259
408	259
046	259
119	259
417	259
011	260
408	260
119	260
090	260
119	260
220	260
220	260
154	260
090	260
264	260
324	260
027	260
119	260
174	260
175	260
178	260
179	260
297	260
449	260
404	260
090	260
008	260
324	260
090	260
092	260
119	260
324	260
119	260
011	260
067	260
408	260
090	260
316	260
408	260
408	260
316	260
090	260
345	260
345	260
345	260
197	260
345	260
417	260
011	261
295	261
119	261
008	261
408	261
245	261
011	261
347	261
390	261
016	261
016	261
345	261
345	261
290	261
290	261
104	261
104	261
327	261
327	261
337	261
119	261
325	261
390	261
294	261
345	261
303	261
449	261
089	261
090	261
085	261
102	261
417	261
011	262
119	262
119	262
119	262
072	262
225	262
119	262
382	262
011	262
153	262
089	262
153	262
423	262
011	262
016	262
396	262
345	262
305	262
426	262
337	262
011	262
290	262
119	262
337	262
104	262
327	262
396	262
016	262
396	262
396	262
119	262
337	262
119	262
119	262
425	262
119	262
119	262
119	262
425	262
072	262
119	262
305	262
119	262
325	262
425	262
426	262
119	262
417	262
011	263
373	263
011	263
373	263
011	263
196	263
011	263
379	263
261	263
196	263
011	263
011	263
294	263
379	263
011	263
153	263
089	263
090	263
089	263
153	263
153	263
153	263
011	263
294	263
090	263
264	263
423	263
153	263
303	263
449	263
303	263
324	263
303	263
303	263
303	263
264	263
011	263
011	263
379	263
379	263
085	263
011	263
011	263
409	263
360	263
225	263
154	263
119	263
417	263
011	264
011	264
289	264
030	264
174	264
379	264
175	264
433	264
180	264
297	264
072	264
027	264
174	264
011	264
294	264
316	264
324	264
174	264
030	264
294	264
421	264
011	264
324	264
294	264
151	264
324	264
011	264
408	264
263	264
408	264
426	264
011	264
294	264
225	264
290	264
421	264
011	264
016	264
396	264
016	264
408	264
295	264
396	264
417	264
011	265
119	265
119	265
263	265
119	265
175	265
396	265
119	265
337	265
295	265
119	265
245	265
119	265
119	265
119	265
425	265
119	265
119	265
425	265
263	265
263	265
409	265
200	265
263	265
119	265
119	265
119	265
119	265
119	265
027	265
119	265
141	265
119	265
425	265
425	265
072	265
199	265
072	265
425	265
119	265
119	265
119	265
345	265
119	265
119	265
417	265
011	266
011	266
345	266
345	266
305	266
295	266
426	266
337	266
008	266
011	266
345	266
011	266
379	266
449	266
322	266
345	266
345	266
449	266
345	266
449	266
011	266
067	266
345	266
174	266
345	266
174	266
305	266
347	266
449	266
289	266
345	266
345	266
174	266
345	266
345	266
345	266
345	266
345	266
119	266
119	266
345	266
426	266
295	266
295	266
295	266
408	266
119	266
008	266
008	266
008	266
011	266
379	266
008	266
008	266
119	266
408	266
417	266
011	267
345	267
345	267
345	267
345	267
011	267
220	267
119	267
345	267
220	267
119	267
345	267
263	267
305	267
119	267
325	267
425	267
119	267
119	267
425	267
325	267
119	267
119	267
119	267
426	267
119	267
119	267
119	267
263	267
263	267
409	267
419	267
263	267
417	267
011	268
011	268
290	268
119	268
337	268
290	268
219	268
119	268
376	268
376	268
219	268
119	268
219	268
119	268
376	268
119	268
119	268
425	268
155	268
119	268
011	268
104	268
104	268
345	268
408	268
090	268
008	268
408	268
175	268
011	268
327	268
396	268
327	268
119	268
347	268
295	268
396	268
303	268
408	268
345	268
175	268
119	268
174	268
408	268
400	268
011	268
016	268
396	268
016	268
408	268
295	268
396	268
119	268
119	268
408	268
345	268
303	268
408	268
175	268
417	268
328	269
328	269
417	269
328	269
090	269
219	269
011	269
141	269
449	269
324	269
090	269
324	269
328	269
090	269
408	269
119	269
324	269
345	269
333	269
408	269
383	269
294	269
328	269
106	269
408	269
408	269
169	269
324	269
264	269
417	269
328	270
119	270
195	270
106	270
107	270
195	270
340	270
107	270
328	270
107	270
290	270
328	270
425	270
409	270
425	270
119	270
090	270
119	270
328	270
328	270
324	270
090	270
328	270
067	270
119	270
426	270
328	270
203	270
417	270
328	271
328	271
417	271
107	271
153	271
090	271
153	271
153	271
328	271
307	271
314	271
328	271
116	271
414	271
307	271
059	271
219	271
417	271
328	272
195	272
307	272
250	272
169	272
408	272
077	272
185	272
294	272
328	272
444	272
060	272
218	272
218	272
417	272
328	273
101	273
101	273
101	273
101	273
101	273
101	273
101	273
101	273
101	273
101	273
273	273
119	273
090	273
119	273
119	273
165	273
399	273
294	273
314	273
195	273
294	273
328	273
328	273
314	273
270	273
219	273
219	273
328	273
417	273
328	274
328	274
314	274
444	274
155	274
408	274
299	274
390	274
426	274
299	274
426	274
119	274
119	274
119	274
390	274
426	274
119	274
426	274
155	274
218	274
218	274
060	274
273	274
273	274
408	274
408	274
275	274
119	274
275	274
219	274
275	274
275	274
275	274
347	274
294	274
218	274
220	274
376	274
218	274
218	274
220	274
376	274
218	274
060	274
417	274
328	275
376	275
273	275
219	275
376	275
273	275
219	275
376	275
408	275
408	275
376	275
408	275
408	275
376	275
219	275
376	275
218	275
218	275
218	275
299	275
219	275
299	275
013	275
219	275
408	275
219	275
021	275
393	275
353	275
408	275
013	275
408	275
408	275
408	275
219	275
417	275
328	276
158	276
013	276
275	276
262	276
262	276
426	276
286	276
426	276
013	276
273	276
273	276
245	276
210	276
258	276
245	276
218	276
262	276
262	276
376	276
262	276
218	276
060	276
262	276
262	276
262	276
218	276
286	276
426	276
262	276
262	276
262	276
286	276
218	276
060	276
273	276
218	276
060	276
417	276
328	277
199	277
219	277
219	277
262	277
262	277
262	277
262	277
219	277
219	277
328	277
220	277
262	277
220	277
013	277
220	277
426	277
417	277
328	278
013	278
393	278
033	278
138	278
013	278
033	278
119	278
138	278
426	278
219	278
408	278
393	278
417	278
328	279
262	279
013	279
219	279
219	279
013	279
245	279
013	279
219	279
408	279
408	279
408	279
138	279
137	279
408	279
417	279
328	280
119	280
119	280
013	280
119	280
408	280
119	280
408	280
408	280
219	280
013	280
119	280
408	280
449	280
408	280
347	280
425	280
347	280
119	280
119	280
101	280
101	280
119	280
426	280
328	280
449	280
408	280
347	280
260	280
393	280
262	280
260	280
262	280
260	280
119	280
408	280
408	280
262	280
027	280
408	280
417	280
328	281
119	281
408	281
119	281
408	281
408	281
027	281
408	281
201	281
106	281
077	281
185	281
408	281
108	281
294	281
328	281
444	281
273	281
060	281
218	281
417	281
328	282
218	282
292	282
101	282
101	282
389	282
101	282
208	282
426	282
101	282
260	282
101	282
101	282
101	282
101	282
101	282
101	282
101	282
119	282
101	282
101	282
101	282
101	282
101	282
101	282
101	282
101	282
101	282
101	282
101	282
101	282
292	282
399	282
334	282
292	282
218	282
399	282
334	282
273	282
119	282
090	282
401	282
273	282
273	282
399	282
273	282
119	282
417	282
328	283
399	283
273	283
218	283
119	283
218	283
119	283
033	283
119	283
399	283
134	283
218	283
273	283
119	283
119	283
165	283
399	283
273	283
165	283
399	283
166	283
165	283
399	283
399	283
417	283
328	284
165	284
399	284
399	284
299	284
299	284
218	284
218	284
218	284
273	284
119	284
273	284
119	284
218	284
218	284
417	284
328	285
219	285
166	285
305	285
417	285
328	286
219	286
166	286
305	286
166	286
305	286
166	286
305	286
417	286
328	287
219	287
166	287
305	287
219	287
299	287
155	287
417	287
328	288
273	288
060	288
218	288
218	288
273	288
119	288
399	288
273	288
218	288
119	288
218	288
119	288
220	288
264	288
264	288
426	288
273	288
273	288
273	288
264	288
408	288
408	288
417	288
328	289
264	289
218	289
218	289
218	289
286	289
060	289
060	289
060	289
426	289
426	289
264	289
426	289
426	289
101	289
119	289
426	289
426	289
426	289
426	289
426	289
406	289
426	289
263	289
219	289
328	289
264	289
245	289
245	289
417	289
328	290
199	290
328	290
328	290
090	290
401	290
090	290
401	290
263	290
263	290
263	290
158	290
158	290
275	290
158	290
212	290
262	290
219	290
158	290
262	290
220	290
417	290
328	291
344	291
090	291
365	291
124	291
365	291
344	291
219	291
390	291
124	291
236	291
236	291
236	291
390	291
124	291
390	291
286	291
124	291
390	291
124	291
417	291
328	292
390	292
163	292
344	292
262	292
262	292
090	292
262	292
275	292
344	292
027	292
365	292
262	292
376	292
262	292
376	292
262	292
275	292
417	292
328	293
275	293
275	293
376	293
426	293
212	293
344	293
212	293
344	293
212	293
212	293
328	293
426	293
090	293
444	293
439	293
001	293
444	293
417	293
328	294
376	294
444	294
027	294
119	294
444	294
158	294
262	294
425	294
262	294
260	294
220	294
220	294
220	294
408	294
263	294
158	294
220	294
220	294
219	294
417	294
328	295
013	295
046	295
328	295
393	295
046	295
425	295
262	295
260	295
046	295
376	295
220	295
220	295
220	295
417	295
328	296
212	296
425	296
425	296
425	296
218	296
425	296
382	296
328	296
021	296
264	296
261	296
393	296
355	296
426	296
060	296
218	296
263	296
006	296
251	296
257	296
393	296
417	296
328	297
426	297
425	297
426	297
426	297
425	297
425	297
426	297
425	297
425	297
425	297
344	297
426	297
218	297
426	297
426	297
294	297
426	297
389	297
389	297
406	297
426	297
294	297
393	297
068	297
389	297
262	297
389	297
262	297
041	297
042	297
431	297
417	297
328	298
257	298
042	298
426	298
262	298
406	298
263	298
263	298
291	298
269	298
291	298
263	298
257	298
291	298
291	298
389	298
068	298
389	298
426	298
406	298
068	298
417	298
328	299
389	299
425	299
426	299
389	299
425	299
426	299
426	299
294	299
013	299
004	299
393	299
041	299
399	299
406	299
399	299
134	299
013	299
432	299
399	299
399	299
134	299
134	299
399	299
134	299
294	299
013	299
393	299
417	299
328	300
326	300
262	300
442	300
041	300
119	300
326	300
245	300
262	300
442	300
406	300
425	300
425	300
426	300
326	300
425	300
426	300
399	300
426	300
425	300
426	300
442	300
426	300
119	300
426	300
426	300
399	300
426	300
426	300
399	300
326	300
426	300
426	300
408	300
219	300
241	300
426	300
393	300
047	300
426	300
262	300
426	300
262	300
013	300
119	300
119	300
119	300
013	300
417	300
328	301
426	301
262	301
047	301
432	301
047	301
047	301
299	301
047	301
194	301
426	301
047	301
426	301
119	301
119	301
119	301
119	301
119	301
119	301
119	301
119	301
119	301
119	301
119	301
119	301
328	301
299	301
294	301
299	301
393	301
292	301
334	301
172	301
299	301
299	301
299	301
299	301
299	301
013	301
334	301
393	301
417	301
328	302
275	302
292	302
299	302
299	302
299	302
292	302
334	302
292	302
334	302
299	302
426	302
426	302
426	302
292	302
426	302
326	302
426	302
426	302
426	302
426	302
334	302
426	302
426	302
426	302
328	302
060	302
273	302
273	302
275	302
060	302
218	302
218	302
417	302
328	303
264	303
328	303
393	303
218	303
218	303
273	303
273	303
294	303
273	303
273	303
408	303
273	303
273	303
273	303
218	303
218	303
273	303
273	303
218	303
218	303
220	303
060	303
220	303
273	303
273	303
218	303
218	303
220	303
060	303
273	303
426	303
218	303
273	303
273	303
060	303
218	303
218	303
426	303
158	303
417	303
328	304
245	304
220	304
328	304
444	304
060	304
218	304
218	304
389	304
101	304
208	304
119	304
101	304
101	304
101	304
101	304
101	304
101	304
101	304
101	304
101	304
101	304
101	304
101	304
273	304
119	304
273	304
090	304
273	304
119	304
399	304
218	304
119	304
218	304
119	304
119	304
119	304
399	304
417	304
328	305
408	305
090	305
294	305
219	305
219	305
219	305
294	305
119	305
294	305
108	305
166	305
166	305
417	305
328	306
013	306
119	306
138	306
408	306
166	306
166	306
166	306
408	306
408	306
166	306
408	306
425	306
408	306
165	306
013	306
042	306
166	306
406	306
166	306
408	306
166	306
166	306
425	306
260	306
165	306
166	306
166	306
013	306
406	306
166	306
166	306
013	306
165	306
399	306
294	306
166	306
328	306
444	306
060	306
218	306
218	306
426	306
101	306
101	306
101	306
119	306
101	306
417	306
328	307
101	307
101	307
101	307
101	307
101	307
101	307
101	307
101	307
101	307
101	307
101	307
273	307
119	307
273	307
090	307
273	307
119	307
218	307
119	307
218	307
119	307
119	307
119	307
165	307
399	307
165	307
399	307
417	307
328	308
219	308
166	308
417	308
328	309
166	309
166	309
166	309
166	309
166	309
166	309
166	309
166	309
166	309
166	309
166	309
166	309
166	309
166	309
166	309
166	309
417	309
328	310
219	310
166	310
166	310
219	310
417	310
328	311
347	311
218	311
326	311
137	311
218	311
328	311
218	311
334	311
344	311
033	311
138	311
245	311
389	311
046	311
260	311
399	311
047	311
401	311
165	311
406	311
060	311
165	311
060	311
425	311
060	311
426	311
068	311
090	311
273	311
442	311
273	311
444	311
273	311
099	311
101	311
119	311
212	311
292	311
134	311
218	311
417	311
448	312
448	312
417	312
398	312
448	312
090	312
011	312
141	312
448	312
128	312
236	312
426	312
163	312
153	312
195	312
448	312
307	312
236	312
426	312
153	312
049	312
153	312
017	312
153	312
267	312
448	312
294	312
299	312
376	312
198	312
294	312
039	312
213	312
417	312
448	313
090	313
027	313
202	313
119	313
243	313
236	313
004	313
347	313
294	313
327	313
104	313
119	313
324	313
448	313
231	313
116	313
195	313
448	313
448	313
275	313
116	313
116	313
119	313
383	313
408	313
408	313
187	313
324	313
264	313
119	313
011	313
294	313
358	313
202	313
417	313
448	314
225	314
011	314
153	314
448	314
119	314
044	314
044	314
153	314
345	314
044	314
426	314
327	314
153	314
016	314
442	314
065	314
202	314
236	314
299	314
294	314
408	314
236	314
128	314
417	314
448	315
236	315
002	315
236	315
131	315
448	315
131	315
448	315
426	315
236	315
002	315
202	315
299	315
417	315
448	316
448	316
225	316
299	316
225	316
225	316
118	316
118	316
389	316
047	316
044	316
047	316
044	316
047	316
044	316
047	316
417	316
448	317
044	317
047	317
044	317
047	317
044	317
047	317
044	317
047	317
044	317
047	317
044	317
099	317
334	317
134	317
334	317
299	317
406	317
334	317
299	317
448	317
131	317
448	317
426	317
236	317
202	317
202	317
417	317
448	318
202	318
202	318
202	318
202	318
202	318
299	318
334	318
417	318
448	319
189	319
189	319
405	319
405	319
324	319
164	319
299	319
102	319
200	319
299	319
275	319
158	319
376	319
448	319
158	319
086	319
188	319
406	319
299	319
448	319
376	319
448	319
243	319
299	319
228	319
417	319
011	320
417	320
294	320
011	320
448	320
383	320
324	320
090	320
324	320
166	320
417	320
011	321
408	321
408	321
169	321
273	321
324	321
264	321
119	321
417	321
011	322
408	322
408	322
169	322
273	322
324	322
264	322
119	322
166	322
408	322
408	322
169	322
273	322
324	322
264	322
119	322
305	322
408	322
417	322
011	323
408	323
408	323
169	323
273	323
324	323
264	323
119	323
307	323
299	323
283	323
173	323
173	323
173	323
228	323
389	323
047	323
442	323
044	323
047	323
417	323
011	324
044	324
047	324
442	324
169	324
044	324
044	324
047	324
044	324
047	324
151	324
099	324
290	324
151	324
299	324
448	324
299	324
204	324
294	324
243	324
173	324
173	324
101	324
101	324
417	324
011	325
254	325
254	325
254	325
389	325
047	325
048	325
254	325
044	325
047	325
048	325
254	325
044	325
047	325
048	325
254	325
334	325
099	325
417	325
011	326
299	326
448	326
285	326
398	326
398	326
048	326
119	326
048	326
294	326
299	326
048	326
048	326
204	326
376	326
275	326
294	326
294	326
305	326
002	326
358	326
243	326
173	326
225	326
225	326
225	326
417	326
011	327
011	327
002	327
002	327
153	327
153	327
153	327
225	327
345	327
417	327
011	328
153	328
345	328
254	328
134	328
254	328
389	328
047	328
044	328
047	328
092	328
044	328
099	328
044	328
327	328
389	328
047	328
047	328
047	328
047	328
345	328
417	328
011	329
104	329
099	329
044	329
153	329
389	329
047	329
345	329
345	329
389	329
047	329
044	329
047	329
047	329
327	329
044	329
047	329
104	329
134	329
316	329
345	329
389	329
047	329
044	329
417	329
011	330
047	330
047	330
327	330
044	330
047	330
044	330
047	330
345	330
016	330
044	330
099	330
044	330
345	330
104	330
153	330
065	330
417	330
011	331
345	331
090	331
264	331
324	331
243	331
299	331
299	331
286	331
254	331
204	331
299	331
173	331
254	331
254	331
299	331
286	331
448	331
173	331
225	331
417	331
011	332
254	332
001	332
243	332
243	332
243	332
232	332
254	332
299	332
448	332
417	332
011	333
128	333
307	333
448	333
236	333
249	333
225	333
225	333
448	333
299	333
202	333
426	333
236	333
426	333
417	333
011	334
236	334
426	334
202	334
204	334
299	334
011	334
299	334
011	334
228	334
011	334
347	334
286	334
270	334
448	334
448	334
243	334
119	334
426	334
243	334
243	334
243	334
417	334
011	335
243	335
299	335
202	335
184	335
448	335
299	335
202	335
173	335
225	335
254	335
334	335
254	335
254	335
334	335
334	335
254	335
334	335
334	335
417	335
011	336
134	336
334	336
448	336
166	336
347	336
166	336
166	336
236	336
166	336
166	336
166	336
173	336
080	336
151	336
442	336
044	336
254	336
254	336
417	336
011	337
134	337
134	337
254	337
254	337
134	337
080	337
345	337
299	337
305	337
305	337
345	337
201	337
417	337
119	337
417	337
328	338
328	338
090	338
090	338
289	338
324	338
408	338
408	338
169	338
273	338
324	338
264	338
119	338
417	338
328	339
408	339
408	339
169	339
273	339
324	339
264	339
119	339
324	339
333	339
219	339
327	339
250	339
294	339
155	339
128	339
219	339
101	339
328	339
444	339
060	339
218	339
218	339
101	339
101	339
101	339
101	339
101	339
101	339
292	339
426	339
326	339
060	339
426	339
426	339
426	339
218	339
334	339
273	339
119	339
060	339
090	339
417	339
328	340
060	340
218	340
060	340
060	340
060	340
060	340
218	340
060	340
060	340
060	340
060	340
218	340
138	340
119	340
119	340
425	340
399	340
212	340
425	340
060	340
134	340
060	340
425	340
218	340
165	340
399	340
060	340
218	340
138	340
137	340
218	340
060	340
219	340
417	340
328	341
090	341
324	341
408	341
408	341
069	341
169	341
273	341
324	341
264	341
119	341
417	341
328	342
408	342
408	342
169	342
273	342
324	342
264	342
119	342
092	342
359	342
299	342
299	342
085	342
243	342
130	342
307	342
107	342
307	342
324	342
077	342
185	342
417	342
417	342
328	343
359	343
109	343
130	343
313	343
313	343
333	343
185	343
440	343
250	343
169	343
077	343
185	343
130	343
243	343
109	343
328	343
294	343
219	343
328	343
444	343
060	343
218	343
218	343
299	343
101	343
101	343
426	343
101	343
119	343
101	343
101	343
101	343
101	343
101	343
417	343
328	344
101	344
101	344
101	344
273	344
119	344
090	344
273	344
292	344
399	344
134	344
060	344
334	344
292	344
334	344
033	344
119	344
417	344
328	345
119	345
119	345
165	345
399	345
165	345
399	345
165	345
399	345
218	345
399	345
023	345
128	345
307	345
417	345
328	346
219	346
235	346
417	346
