157,Schmidt\, Petra,1200,199,1940,1960
1110,Kayser\, Helmut,600,33,1952,1973
35,Loda\, Dieter,500,32,1952,1974
129,Thoms\, Rolf,1000,199,1941,1962
13,Wunsch\, Peter-Paul,900,199,1928,1958
215,Mueller\, Ernst,700,10,1950,1971
55,Malter\, Juergen,1200,199,1920,1969
26,Schneider\, Peter,1300,199,1930,1970
98,Weise\, Juergen,900,199,1935,1969
32,Heine\, Rolf,905,199,1929,1967
33,Ernst\, Eva,1010,199,1931,1963
199,Gruene\, Peter,1700,0,1920,1952
4901,Baum\, Klaus,837,32,1956,1975
843,Schmidt\, Hermann,1120,26,1936,1956
2398,Warnke\, Peter,788,26,1940,1959
1639,Maerz\, Udo,1116,55,1947,1970
5119,Mueller\, Petra,1362,55,1939,1963
37,Neumann\, Inge,1198,26,1950,1974
5219,Weber\, Franz,1337,33,1944,1959
1523,Zeidler\, Fritz,1686,129,1928,1949
430,Moser\, Otto,1567,129,1938,1959
994,Schulze\, Ernst,1564,129,1944,1970
1330,Fleischer\, Karl,877,13,1952,1971
10,Rose\, Peter,1590,199,1927,1953
11,Rose\, Petra,1206,0,1931,1951
