d1,0000000000010,0000000000011,1,0,2
d1,0000000000010,0000000000012,2,0,4
d1,0000000000010,0000000000013,3,0,4
d1,0000000000010,0000000000020,4,0,1
d1,0000000000011,0000000000012,1,0,5
d1,0000000000011,0000000000014,2,0,5
d1,0000000000011,0000000000015,3,0,1
d1,0000000000013,0000000000014,1,0,1
d1,0000000000015,0000000000012,2,0,3
d1,0000000000015,0000000000013,3,0,3
d1,0000000000015,0000000000016,1,0,1
d1,0000000000016,0000000000017,1,0,8
d1,0000000000016,0000000000018,2,0,1
d1,0000000000019,0000000000016,1,0,1
d1,0000000000019,0000000000021,2,0,1
d1,7540019999701,7540240008630,1,0,1
d1,7540019999701,7541010600701,3,0,4
d1,7540020257101,0050689076090,5,0,3
d1,7540020257101,0072701440090,61,0,1
d1,7540020257101,0072702080090,59,0,1
d1,7540020257101,0072702760090,57,0,1
d1,7540020257101,0072703080090,60,0,1
d1,7540020257101,0072703680090,58,0,1
d1,7540020257101,0072703800090,67,0,1
d1,7540020257101,0072712080090,64,0,1
d1,7540020257101,0072712440090,70,0,1
d1,7540020257101,0072712560090,71,0,1
d1,7540020257101,0072713320090,62,0,1
d1,7540020257101,0072713670090,56,0,2
d1,7540020257101,0072713800090,68,0,1
d1,7540020257101,0072713840090,66,0,1
d1,7540020257101,0072714000090,54,0,2
d1,7540020257101,0072714160090,55,0,2
d1,7540020257101,0072742480090,63,0,2
d1,7540020257101,0072752560090,69,0,1
d1,7540020257101,0075000240090,65,0,2
d1,7540020257101,0075000360090,72,0,1
d1,7540020257101,0075560006090,30,0,1
d1,7540020257101,0075560010090,33,0,2
d1,7540020257101,0075720305090,32,0,3
d1,7540020257101,0075720606090,31,0,1
d1,7540020257101,0077442001090,35,0,1
d1,7540020257101,0077442002090,34,0,1
d1,7540020257101,0078171170090,4,0,1
d1,7540020257101,0078301851090,8,0,13
d1,7540020257101,0099997236090,14,0,1
d1,7540020257101,0099997237090,15,0,1
d1,7540020257101,5000169400001,17,0,1
d1,7540020257101,5000169400022,18,0,1
d1,7540020257101,7540240025730,1,0,1
d1,7540020257101,7540650004151,50,0,3
d1,7540020257101,7540650010351,52,0,5
d1,7540020257101,7540650010451,53,0,1
d1,7540020257101,7540650029151,51,0,1
d1,7541010039001,0050689072090,9,0,4
d1,7541010039001,0050689076090,4,0,3
d1,7541010039001,0078171650090,3,0,1
d1,7541010039001,7541220041900,6,0,1
d1,7541010039001,7541220042000,7,0,1
d1,7541010039001,7541240017101,1,0,1
d1,7541010051301,0050689072090,11,0,2
d1,7541010051301,0050689076090,5,0,3
d1,7541010051301,0078171650090,4,0,1
d1,7541010051301,7541220062200,10,0,1
d1,7541010051301,7541220066900,1,0,1
d1,7541010051301,7541240604100,9,0,1
d1,7541010056001,0050689245090,4,0,1
d1,7541010056001,7541220073700,2,0,1
d1,7541010056001,7541220099900,3,0,1
d1,7541010056001,7541460002900,1,0,1
d1,7541010064201,7541530023200,7,0,4
d1,7541010064201,7541530024500,6,0,1
d1,7541010064201,7541530027001,4,0,1
d1,7541010064201,7541530027101,5,0,1
d1,7541010084401,0050680792090,3,0,3
d1,7541010084401,0050681650090,2,0,1
d1,7541010084401,7541220101300,1,0,1
d1,7541010084601,0020330665090,2,0,25
d1,7541010084601,0062590124090,3,0,6
d1,7541010084601,7541680028500,1,0,1
d1,7541010520901,0050110040090,7,0,4
d1,7541010520901,0050680780090,6,0,4
d1,7541010520901,7541220531300,1,0,1
d1,7541010520901,7541240516700,2,0,1
d1,7541010520901,7541240516800,3,0,1
d1,7541010600301,0050750502090,4,0,3
d1,7541010600301,0078172660090,1,0,1
d1,7541010600301,7541240027100,2,0,1
d1,7541010600301,7541240027200,3,0,1
d1,7541010600401,0050750500090,4,0,3
d1,7541010600401,2402701930707,1,0,3
d1,7541010600401,7541240027200,3,0,1
d1,7541010600401,7541240601900,2,0,1
d1,7541010600701,0050750502090,6,0,3
d1,7541010600701,0050780072090,3,0,3
d1,7541010600701,0078173420090,1,0,1
d1,7541010600701,7541240601900,4,0,2
d1,7541010609501,7541220612700,3,0,2
d1,7541010609501,7541220612800,1,0,2
d1,7541010615701,0050540220090,3,0,2
d1,7541010615701,7541220093400,1,0,1
d1,7541010615701,7541240606900,2,0,1
d1,7541010626101,7541210622600,1,0,1
d1,7541010626101,7541220625700,3,0,1
d1,7541030055501,0078180037090,2,0,1
d1,7541030055501,7541240027000,1,0,1
d1,7541030056201,0050042422090,5,0,1
d1,7541030056201,0050110062090,4,0,1
d1,7541030056201,2402601945407,2,0,1
d1,7541030056201,7541340011500,1,0,1
d1,7541030056301,0050042422090,5,0,1
d1,7541030056301,0050110062090,4,0,1
d1,7541030056301,2402601945407,2,0,1
d1,7541030056301,7541340011600,1,0,1
d1,7541030056701,0050240062090,6,0,6
d1,7541030056701,0050780072090,5,0,6
d1,7541030056701,2401601084200,4,0,3
d1,7541030056701,7541010056001,1,0,1
d1,7541030056701,7541240036600,3,0,2
d1,7541030056701,7541240610800,7,0,2
d1,7541030056701,7541640004700,2,0,3
d1,7541030064901,0061390000090,2,0,14
d1,7541030064901,0061390001090,7,0,3
d1,7541030064901,0061390002090,3,0,14
d1,7541030064901,0061390003090,8,0,3
d1,7541030064901,0061390004090,6,0,2
d1,7541030064901,0061390009090,4,0,1
d1,7541030064901,0061390011090,5,0,4
d1,7541030064901,7541520012701,1,0,1
d1,7541030075701,0050055703090,15,0,1
d1,7541030075701,0050113043090,27,0,1
d1,7541030075701,0050113073090,6,0,4
d1,7541030075701,0050113083090,11,0,2
d1,7541030075701,0050433563090,5,0,2
d1,7541030075701,0050433613090,4,0,4
d1,7541030075701,0050433783090,23,0,17
d1,7541030075701,0050433833090,10,0,2
d1,7541030075701,0050434073090,20,0,3
d1,7541030075701,0050434693090,17,0,3
d1,7541030075701,0050443043090,16,0,1
d1,7541030075701,0050443073090,8,0,6
d1,7541030075701,0050443083090,13,0,19
d1,7541030075701,0050443093090,22,0,3
d1,7541030075701,0050443113090,19,0,3
d1,7541030075701,0050701052090,28,0,1
d1,7541030075701,0050701082090,7,0,6
d1,7541030075701,0050701092090,12,0,2
d1,7541030075701,0050701092090,29,0,17
d1,7541030075701,0050701102090,30,0,3
d1,7541030075701,0050701122090,31,0,3
d1,7541030075701,0078300202090,14,0,1
d1,7541030075701,7541220092500,2,0,2
d1,7541030075701,7541510055500,3,0,2
d1,7541030075701,7541510055600,9,0,1
d1,7541030075701,7541530028200,1,0,2
d1,7541030075901,0050681352090,3,0,2
d1,7541030075901,7541220093300,2,0,1
d1,7541030075901,7541220602700,4,0,1
d1,7541030075901,7541240040600,1,0,1
d1,7541030608701,0050042362090,20,0,2
d1,7541030608701,0050110062090,22,0,1
d1,7541030608701,0050110072090,16,0,4
d1,7541030608701,0050430522090,14,0,28
d1,7541030608701,0050430552090,15,0,4
d1,7541030608701,0050701082090,17,0,32
d1,7541030608701,7541010609501,2,0,2
d1,7541030608701,7541220612600,6,0,1
d1,7541030608701,7541220613701,8,0,1
d1,7541030608701,7541220617601,7,0,1
d1,7541030608701,7541220617801,9,0,1
d1,7541030608701,7541220625800,3,0,1
d1,7541030609801,0050113064090,4,0,24
d1,7541030609801,0050433584090,3,0,8
d1,7541030609801,0050443064090,5,0,16
d1,7541030609801,0050701072090,6,0,16
d1,7541030609801,7541210043000,7,0,1
d1,7541030609801,7541240042501,1,0,1
d1,7541030609801,7541340010600,2,0,8
d1,7541030615801,0050042362090,8,0,2
d1,7541030615801,0050440072090,9,0,2
d1,7541030615801,0050440082090,17,0,1
d1,7541030615801,0050701082090,6,0,22
d1,7541030615801,7541220631400,4,0,1
d1,7541030615801,7541220632400,10,0,1
d1,7541030615801,7541220632500,11,0,1
d1,7541030615801,7541220632600,12,0,1
d1,7541030615801,7541220632700,13,0,1
d1,7541030615801,7541220633601,1,0,1
d1,7541030615801,7541220633901,2,0,1
d1,7541030615801,7541220634501,14,0,1
d1,7541030615801,7541220634701,3,0,1
d1,7541030619601,0050041862090,7,0,2
d1,7541030619601,0050041882090,2,0,3
d1,7541030619601,7541020603601,1,0,1
d1,7541030619601,7541210604400,4,0,1
d1,7541030619601,7541220600300,6,0,1
d1,7541030619601,7541240601500,5,0,1
d1,7541030619601,7541240602800,3,0,1
d1,7541040022601,0050042362090,24,0,8
d1,7541040022601,0050055634090,46,0,4
d1,7541040022601,0050430762090,98,0,1
d1,7541040022601,0050433534090,44,0,2
d1,7541040022601,0050440072090,25,0,8
d1,7541040022601,0050440092090,80,0,1
d1,7541040022601,0050701052090,45,0,4
d1,7541040022601,0050701082090,43,0,2
d1,7541040022601,0050701092090,99,0,1
d1,7541040022601,0060374100090,14,0,-5536
d1,7541040022601,0060600103090,97,0,1
d1,7541040022601,0060600107090,96,0,1
d1,7541040022601,0060652528090,13,0,1000
d1,7541040022601,0062590304090,34,0,360
d1,7541040022601,0075721307090,49,0,13
d1,7541040022601,7540020201101,51,0,31
d1,7541040022601,7540020203101,56,0,2
d1,7541040022601,7540020206201,62,0,14
d1,7541040022601,7540020207101,63,0,7
d1,7541040022601,7540020207201,64,0,3
d1,7541040022601,7540020214101,73,0,1
d1,7541040022601,7540020215101,75,0,1
d1,7541040022601,7540020216101,76,0,2
d1,7541040022601,7540020218201,78,0,1
d1,7541040022601,7540020244401,87,0,1
d1,7541040022601,7540020246101,90,0,1
d1,7541040022601,7540020247101,91,0,1
d1,7541040022601,7540020257101,93,0,1
d1,7541040022601,7541010615701,26,0,1
d1,7541040022601,7541030075901,23,0,3
d1,7541040022601,7541040031801,94,0,1
d1,7541040022601,7541210604700,18,0,1
d1,7541040022601,7541210605000,21,0,24
d1,7541040022601,7541240601600,48,0,9
d1,7541040022601,7541660043701,42,0,2
d1,7541040022601,7541660043801,41,0,1
d1,7541040022601,7541660046001,39,0,1
d1,7541040022601,7541710006200,32,0,13
d1,7541040022601,7541710006300,30,0,36
d1,7541040022601,7650210029600,17,0,1
d1,7541040022601,7650210030000,22,0,3
d1,7541040024301,0020330905090,53,0,35
d1,7541040024301,0050042462090,11,0,34
d1,7541040024301,0050110082090,19,0,5
d1,7541040024301,0050430762090,18,0,5
d1,7541040024301,0050440072090,12,0,34
d1,7541040024301,0050440092090,21,0,4
d1,7541040024301,0050702092090,20,0,5
d1,7541040024301,0060374100090,3,0,30000
d1,7541040024301,0060555303090,36,0,30
d1,7541040024301,0060652528090,4,0,30000
d1,7541040024301,0062590306090,54,0,3
d1,7541040024301,0062590634090,40,0,9
d1,7541040024301,0081565020090,51,0,2
d1,7541040024301,7541030619601,5,0,9
d1,7541040024301,7541040027101,1,0,1
d1,7541040024301,7541220036100,10,0,17
d1,7541040024301,7541460600000,9,0,34
d1,7541040024301,7541510051100,17,0,1
d1,7541040024301,7541660072601,32,0,1
d1,7541040024301,7541660600001,34,0,1
d1,7541040024301,7541660603001,29,0,1
d1,7541040024301,7650210036200,7,0,64
d1,7541040027101,0032058020090,48,0,1
d1,7541040027101,0032058030090,49,0,1
d1,7541040027101,0034141410090,21,0,4
d1,7541040027101,0050031342090,47,0,4
d1,7541040027101,0050041852090,57,0,2
d1,7541040027101,0050041882090,43,0,1
d1,7541040027101,0050042342090,20,0,4
d1,7541040027101,0050042362090,3,0,42
d1,7541040027101,0050042382090,7,0,28
d1,7541040027101,0050042422090,16,0,18
d1,7541040027101,0050042722090,23,0,4
d1,7541040027101,0050042972090,50,0,2
d1,7541040027101,0050110062090,27,0,18
d1,7541040027101,0050110072090,24,0,4
d1,7541040027101,0050110082090,39,0,2
d1,7541040027101,0050440052090,13,0,5
d1,7541040027101,0050440072090,4,0,42
d1,7541040027101,0050440072090,8,0,34
d1,7541040027101,0050440072090,17,0,16
d1,7541040027101,0050440082090,25,0,4
d1,7541040027101,0050440092090,41,0,4
d1,7541040027101,0050701092090,40,0,4
d1,7541040027101,0075681005090,56,0,1
d1,7541040027101,0081565020090,55,0,2
d1,7541040027101,0099997173090,45,0,1
d1,7541040027101,2401601085900,11,0,1
d1,7541040027101,5000272600003,42,0,1
d1,7541040027101,7541010064201,33,0,1
d1,7541040027101,7541010626101,18,0,7
d1,7541040027101,7541030055501,26,0,1
d1,7541040027101,7541030056201,37,0,1
d1,7541040027101,7541030056301,38,0,1
d1,7541040027101,7541030056701,15,0,7
d1,7541040027101,7541030064901,10,0,1
d1,7541040027101,7541030075701,22,0,1
d1,7541040027101,7541030615801,1,0,1
d1,7541040027101,7541210061400,46,0,2
d1,7541040027101,7541210073500,14,0,2
d1,7541040027101,7541210625900,19,0,2
d1,7541040027101,7541220077800,28,0,2
d1,7541040027101,7541220078101,5,0,1
d1,7541040027101,7541220078201,6,0,1
d1,7541040027101,7541220616600,52,0,2
d1,7541040027101,7541220634800,44,0,1
d1,7541040027101,7541220634900,2,0,21
d1,7541040027101,7541240035200,12,0,1
d1,7541040027101,7541320600000,51,0,4
d1,7541040027101,7541530023300,34,0,4
d1,7541040027101,7541530023400,30,0,1
d1,7541040027101,7541530023500,32,0,1
d1,7541040027101,7541530023600,35,0,2
d1,7541040027101,7541530023700,36,0,1
d1,7541040027101,7541530024600,29,0,1
d1,7541040027101,7541530024700,31,0,1
d1,7541040027101,7541530025000,9,0,1
d1,7541040027101,7541740016500,54,0,1
d1,7541040027101,7541740016600,53,0,1
d1,7541040029501,0032058020090,6,0,1
d1,7541040029501,0032100050090,51,0,424
d1,7541040029501,0050031362090,26,0,25
d1,7541040029501,0050031800090,10,0,2
d1,7541040029501,0050042342090,46,0,1
d1,7541040029501,0050042382090,27,0,46
d1,7541040029501,0050042432090,33,0,1
d1,7541040029501,0050042972090,7,0,1
d1,7541040029501,0050440092090,9,0,1
d1,7541040029501,0050701092090,8,0,1
d1,7541040029501,0050780092090,47,0,1
d1,7541040029501,2401701103900,30,0,1
d1,7541040029501,2402601943207,31,0,1
d1,7541040029501,2402602100307,32,0,1
d1,7541040029501,7541010600301,52,0,205
d1,7541040029501,7541010600401,54,0,12
d1,7541040029501,7541010608201,29,0,11
d1,7541040029501,7541010609101,24,0,12
d1,7541040029501,7541030608701,1,0,1
d1,7541040029501,7541030609801,44,0,1
d1,7541040029501,7541210612701,2,0,1
d1,7541040029501,7541220061000,25,0,77
d1,7541040029501,7541220611400,21,0,12
d1,7541040029501,7541220615901,23,0,5
d1,7541040029501,7541220616001,22,0,6
d1,7541040029501,7541460600400,50,0,24
d1,7541040029501,7541510017700,19,0,1
d1,7541040029501,7541510052901,20,0,1
d1,7541040029501,7541510600200,28,0,1
d1,7541040031801,0032060110090,34,0,1
d1,7541040031801,0050034322090,19,0,2
d1,7541040031801,0050041862090,25,0,3
d1,7541040031801,0050042362090,31,0,2
d1,7541040031801,0050042382090,4,0,4
d1,7541040031801,0050110082090,44,0,2
d1,7541040031801,0050701072090,5,0,4
d1,7541040031801,0050780072090,27,0,4
d1,7541040031801,0072324620090,6,0,1
d1,7541040031801,0099997052090,23,0,1
d1,7541040031801,0099997169090,22,0,1
d1,7541040031801,5000224000000,40,0,2
d1,7541040031801,7541010084401,12,0,1
d1,7541040031801,7541010084601,18,0,1
d1,7541040031801,7541210074300,1,0,1
d1,7541040031801,7541210075001,24,0,1
d1,7541040031801,7541220101200,2,0,1
d1,7541040031801,7541340013800,3,0,2
d1,7541040031801,7541340019200,29,0,1
d1,7541040031801,7541340019701,26,0,1
d1,7541040031801,7541660086101,49,0,1
d1,7541040031801,7541680020500,21,0,1
d1,7541040031801,7541680029101,37,0,1
d1,7541660039701,0060600100090,1,0,12
d1,7541660039701,0060600101090,5,0,12
d1,7541660039701,0060600102090,2,0,12
d1,7541660039701,0060600103090,3,0,12
d1,7541660039701,0060600104090,6,0,12
d1,7541660039701,0060600107090,4,0,12
d1,7541660039701,0062590421090,7,0,1
d1,7541660043701,0060555006090,1,0,28
d1,7541660043701,0061201012090,3,0,1
d1,7541660043701,0062590574090,2,0,4
d1,7541660043701,7541640001900,4,0,1
d1,7541660043801,0060555006090,1,0,28
d1,7541660043801,0061201012090,3,0,2
d1,7541660043801,0062590574090,2,0,4
d1,7541660045501,0060555006090,2,0,75
d1,7541660045501,0060600208090,1,0,70
d1,7541660045501,0081665211090,3,0,50
d1,7541660046001,0061201012090,4,0,2
d1,7541660046001,0062560574090,3,0,4
d1,7541660046001,7540019999701,5,0,1
d1,7541660046001,7541640001800,2,0,2
d1,7541660046001,7541660045501,1,0,1
d1,7541660046001,7541660073401,6,0,2
d1,7541660072601,0060555007090,1,0,83
d1,7541660072601,0061201016090,2,0,2
d1,7541660072601,0062590634090,3,0,4
d1,7541660073401,0060555006090,1,0,1
d1,7541660073401,0061201012090,4,0,1
d1,7541660073401,0062590575090,3,0,2
d1,7541660073401,7541640001800,2,0,1
d1,7541660086101,0060650008090,3,0,40
d1,7541660086101,7541660086201,1,0,1
d1,7541660086201,0060650008090,1,0,270
d1,7541660086201,0081665211090,3,0,60
d1,7541660600001,0060553003090,1,0,21
d1,7541660600001,0061201007090,3,0,1
d1,7541660600001,0062590483090,2,0,1
