1,10030,591581802,16
-1627389952,9280,591583514,8
520093696,2110,591583482,19
1040187392,5010,591583672,26
1073741824,8800,591583235,20
1593835520,9160,591577873,11
2113929216,9010,591582659,8
-1107296256,8600,591582043,11
-1073741824,8800,591583223,28
-553648128,19280,591583649,12
-33554432,10270,591583423,13
486604800,5050,591583511,24
-2113929216,2530,591581839,10
-1593835520,8050,591582813,14
33554432,2610,591577311,9
553648128,21970,591583416,19
1107296256,2900,591582147,22
1627389952,5050,591583232,15
-1040187392,2990,591583623,13
-520093696,16050,591583011,19
65536,8470,591583057,12
520159232,4380,591583544,16
-2080374784,15400,591583115,2
-1560281088,7620,591583663,5
67108864,8640,591582904,22
587202560,9050,591582005,12
1140850688,8990,591583053,10
1660944384,3860,591582869,4
-1006632960,5890,591583313,8
-486539264,3400,591583199,22
33619968,16070,591583591,13
553713664,3960,591583581,1
-2046820352,2730,591582368,29
-1526726656,24560,591583426,23
100663296,28770,591583013,17
620756992,35560,591582894,17
1174405120,19330,591583331,8
1694498816,16960,591583471,20
-973078528,5610,591583338,9
-452984832,7980,591582807,16
67174400,1210,591583549,26
587268096,3010,591583628,18
-2013265920,47440,591583435,7
-1493172224,8240,591582366,28
134217728,17370,591582106,6
654311424,3040,591583216,28
1207959552,8250,591582986,8
1728053248,2690,591583598,28
-939524096,4240,591583547,21
-419430400,3590,591582688,5
100728832,4060,591583108,19
620822528,210,591583644,25
-1979711488,240,591583308,23
-1459617792,4390,591583336,21
167772160,17200,591577694,17
687865856,7690,591583421,30
1241513984,13730,591583442,28
1761607680,30450,591582740,7
-905969664,18560,591583523,22
-385875968,5240,591582802,23
134283264,9630,591583283,24
654376960,5520,591583686,3
-1946157056,3430,591583574,2
-1426063360,5200,591582871,22
201326592,16760,591577782,30
721420288,10710,591582176,25
1275068416,16690,591582746,23
1795162112,10720,591583129,30
-872415232,7510,591582896,23
-352321536,5610,591583458,18
167837696,8030,591583179,13
-1912602624,15540,591582621,17
-1392508928,10600,591583603,20
234881024,8030,591582583,31
754974720,20350,591583660,16
1308622848,4220,591582289,21
1828716544,10660,591582568,20
-838860800,17240,591583257,16
-318767104,9120,591583526,27
201392128,4670,591583194,20
-1879048192,1530,591583165,4
268435456,21090,591581975,14
788529152,3340,591582644,5
1342177280,2090,591582811,30
1862270976,7790,591583100,30
-1358954496,4690,591582856,6
-805306368,1550,591582339,17
-285212672,10000,591582737,29
234946560,2260,591583419,4
-1845493760,1330,591582619,10
301989888,3460,591583554,7
822083584,4300,591581926,26
1375731712,13580,591582334,29
1895825408,13500,591577817,1
-1325400064,16770,591582423,20
-771751936,8510,591582361,8
-251658240,1320,591583487,28
268500992,4950,591583243,20
-1811939328,7670,591582421,23
335544320,24750,591583499,17
855638016,300,591582854,26
1409286144,22780,591583214,17
1929379840,2660,591583667,11
-1291845632,4540,591583456,3
-738197504,9010,591582418,21
-218103808,30800,591583670,9
302055424,9010,591583266,7
-1778384896,2720,591582907,9
369098752,12210,591582843,9
889192448,980,591583185,4
1442840576,10810,591583476,21
1962934272,2870,591583556,1
-1258291200,18170,591583566,7
-704643072,170,591582491,14
-184549376,400,591582900,30
335609856,4270,591583292,9
-1744830464,1280,591583446,22
402653184,4290,591583428,3
922746880,13740,591577776,5
1476395008,7580,591582956,23
1996488704,6580,591583651,31
-1224736768,12100,591583375,20
-671088640,700,591583228,24
-150994944,2900,591582880,4
369164288,640,591583412,10
-1711276032,12580,591581759,21
436207616,9110,591581770,29
956301312,8580,591582386,21
1509949440,4230,591583595,23
2030043136,9760,591582742,22
-1191182336,270,591583552,15
-637534208,4170,591583465,14
-117440512,8270,591583251,30
402718720,3230,591583384,24
-1677721600,18270,591582611,18
469762048,15720,591582997,23
989855744,3000,591583262,11
1543503872,540,591583449,4
2063597568,7950,591583352,23
-1157627904,14410,591583646,6
-603979776,5310,591583433,17
-83886080,7050,591583658,6
436273152,4260,591583609,12
-1644167168,3180,591583505,29
503316480,3340,591581811,5
1023410176,1960,591583496,9
1577058304,10820,591583002,3
2097152000,19150,591583359,7
-1124073472,13500,591583037,17
-570425344,7310,591583301,28
-50331648,30,591583270,11
469827584,2070,591583558,3
-2130706432,9150,591583024,30
-1610612736,0,591577761,20
16777216,0,591576637,31
536870912,11990,591582556,5
1056964608,14190,591583268,11
1090519040,2800,591582543,16
1610612736,4070,591583561,18
2130706432,24250,591583407,17
-1090519040,2890,591583077,6
-1056964608,3650,591582078,18
-536870912,23930,591583174,10
-16777216,7170,591583221,1
503382016,8050,591583530,1
-2097152000,5320,591583237,24
-1577058304,13770,591583096,30
50331648,11880,591582681,29
570425344,9410,591583389,10
1124073472,2440,591582978,19
1644167168,9950,591583462,6
-1023410176,18620,591583444,28
-503316480,3130,591583306,20
16842752,8480,591583061,8
536936448,6290,591583572,25
-2063597568,10180,591582928,6
-1543503872,4350,591583409,24
83886080,18020,591582898,31
603979776,8800,591582694,15
1157627904,17110,591583485,7
1677721600,25930,591583081,25
-989855744,8260,591583621,14
-469762048,12450,591582874,19
50397184,16820,591583299,12
570490880,8770,591583675,24
-2030043136,3620,591583074,12
-1509949440,1410,591583398,13
117440512,14940,591583405,6
637534208,14200,591583050,14
1191182336,6310,591582944,27
1711276032,3870,591583255,30
-956301312,1360,591582809,3
-436207616,4710,591582672,24
83951616,3120,591583104,6
604045312,5960,591583640,12
-1996488704,20600,591583273,23
-1476395008,7590,591583260,28
150994944,30820,591583361,11
671088640,15880,591582452,1
1224736768,11970,591583656,24
1744830464,8230,591583619,28
-922746880,1710,591582846,28
-402653184,5290,591583294,14
117506048,12120,591583635,13
637599744,3230,591583682,17
-1962934272,1380,591582062,1
-1442840576,2840,591583136,24
184549376,7120,591583083,13
704643072,12040,591582143,18
1258291200,2240,591577859,25
1778384896,10470,591582435,18
-889192448,4650,591582229,21
-369098752,370,591583253,27
151060480,520,591583536,20
-1929379840,6230,591583315,7
-1409286144,3780,591583143,4
218103808,16470,591582828,18
738197504,7060,591582558,10
1291845632,5190,591582804,4
1811939328,8880,591583451,21
-855638016,10220,591583440,13
-335544320,1560,591583350,26
184614912,7080,591583183,24
-1895825408,2670,591582301,20
-1375731712,14080,591583190,31
251658240,25190,591583400,27
771751936,24290,591583373,1
1325400064,1610,591583653,23
1845493760,2240,591583341,7
-822083584,160,591582293,17
-301989888,12970,591583430,5
218169344,6710,591583204,5
-1862270976,2540,591577781,19
285212672,9690,591581891,22
805306368,18180,591583507,30
1358954496,9260,591582500,1
1879048192,250,591582946,20
-1342177280,240,591583377,6
-788529152,1360,591582789,18
-268435456,11630,591583665,19
251723776,5110,591583320,28
-1828716544,19580,591583453,20
318767104,2650,591583391,13
838860800,8680,591581979,29
1392508928,23000,591582663,6
1912602624,10930,591581973,20
-1308622848,15800,591581961,7
-754974720,6960,591582378,18
-234881024,6530,591582787,22
285278208,3860,591583248,27
-1795162112,12360,591583612,29
352321536,15370,591583518,26
872415232,11930,591583334,22
1426063360,3260,591583113,26
1946157056,3570,591583329,20
-1275068416,340,591582770,3
-721420288,15080,591582454,1
-201326592,1900,591583460,25
318832640,7470,591583281,7
-1761607680,570,591583633,21
385875968,2240,591583601,8
905969664,3470,591583226,7
1459617792,46950,591583163,30
1979711488,7450,591582774,30
-1241513984,13790,591583617,27
-687865856,8670,591582442,27
-167772160,6640,591582867,27
352387072,9520,591583327,5
-1728053248,9960,591582972,29
419430400,1690,591583277,31
939524096,19020,591582615,1
1493172224,26190,591583614,13
2013265920,10940,591583031,29
-1207959552,2750,591582015,6
-654311424,1910,591583311,24
-134217728,4110,591582920,11
385941504,1400,591583370,30
-1694498816,8370,591583677,13
452984832,19490,591577781,15
973078528,12120,591582086,9
1526726656,10380,591582429,4
2046820352,2660,591582355,23
-1174405120,1790,591583197,28
-620756992,280,591582931,29
-100663296,3080,591582952,30
419495936,8810,591583469,12
-1660944384,8980,591577851,3
486539264,30,591583048,11
1006632960,1150,591583366,7
1560281088,7020,591581938,4
2080374784,6460,591583118,27
-1140850688,10080,591583393,9
-587202560,9050,591583386,27
-67108864,9430,591583017,1
453050368,6380,591583494,5
