1,42,96,28,11
-1929379840,11,90,20,3
-1711276032,23,33,39,7
-1493172224,5,65,50,3
218103808,31,83,3,27
436207616,75,61,33,20
654311424,27,89,48,11
872415232,55,86,1,15
1073741824,96,90,42,18
1291845632,7,67,37,30
1509949440,48,23,20,24
1728053248,35,18,23,4
1946157056,21,38,24,24
-1275068416,11,21,50,27
-1073741824,98,78,11,18
-855638016,74,14,33,21
-637534208,7,71,45,14
-419430400,86,40,19,16
-201326592,81,52,34,16
83951616,66,19,11,17
302055424,40,54,20,8
520159232,94,47,40,29
-2013265920,49,99,24,16
-1795162112,19,22,9,27
-1577058304,101,74,50,17
134217728,87,79,25,8
352321536,47,4,44,13
570425344,72,16,18,3
788529152,98,79,18,2
1006632960,6,4,17,2
1207959552,1,27,28,31
1426063360,6,27,37,22
1644167168,1,84,39,21
1862270976,8,8,17,2
2080374784,30,66,25,2
-1358954496,38,67,17,29
-1140850688,31,69,11,10
-939524096,30,96,44,9
-721420288,93,38,27,18
-503316480,25,34,2,22
-285212672,85,2,43,30
-67108864,28,64,34,17
65536,41,35,4,18
218169344,60,38,3,17
436273152,66,16,42,16
654376960,43,72,9,27
-2097152000,24,100,27,16
-1879048192,92,101,30,15
-1660944384,14,101,14,22
-1442840576,66,50,26,20
50331648,42,96,49,17
268435456,17,1,48,1
486539264,35,63,18,8
704643072,27,32,30,11
922746880,46,26,50,10
1124073472,11,101,22,6
1342177280,67,93,13,29
1560281088,88,75,29,28
1778384896,37,30,37,2
1996488704,10,67,10,25
-1224736768,4,71,21,10
-1023410176,46,48,2,24
-805306368,97,40,17,11
-587202560,44,61,26,7
-369098752,49,41,19,18
-150994944,62,42,17,22
134283264,8,81,13,8
352387072,56,1,14,19
570490880,67,54,2,2
-1962934272,29,26,40,9
-1744830464,65,70,15,18
-1526726656,83,100,39,11
184549376,38,40,4,30
402653184,98,82,31,22
620756992,31,40,12,30
838860800,2,72,3,13
1056964608,51,58,52,11
1258291200,25,54,14,6
1476395008,99,87,41,1
1694498816,42,55,21,30
1912602624,50,77,12,30
2130706432,90,70,28,14
-1308622848,44,90,34,28
-1090519040,60,18,5,25
-889192448,52,16,4,25
-671088640,35,75,22,3
-452984832,49,74,33,25
-234881024,7,88,10,17
-16777216,25,41,28,29
50397184,31,61,16,12
268500992,44,49,45,7
486604800,30,44,22,21
-2046820352,83,27,26,26
-1828716544,82,2,50,19
-1610612736,89,81,50,17
-1392508928,76,29,29,9
100663296,69,3,52,4
318767104,27,72,31,4
536870912,38,39,32,7
754974720,76,80,8,26
973078528,53,6,17,4
1174405120,48,47,36,2
1392508928,84,64,37,29
1610612736,47,63,25,2
1828716544,31,55,6,24
2046820352,65,92,14,12
-1174405120,16,31,28,20
-973078528,32,22,10,30
-754974720,32,62,41,1
-536870912,78,16,16,3
-318767104,68,45,38,21
-100663296,13,13,15,3
184614912,44,34,35,5
402718720,82,33,2,4
620822528,91,35,50,17
-2130706432,21,62,14,28
-1912602624,71,97,7,21
-1694498816,98,12,10,4
-1476395008,17,41,51,6
16777216,101,101,51,31
234881024,46,32,8,10
452984832,13,83,19,22
671088640,38,62,29,27
889192448,81,80,5,11
1090519040,61,59,39,18
1308622848,87,2,3,19
1526726656,96,43,43,20
1744830464,3,81,29,9
1962934272,8,12,19,14
-1258291200,26,66,15,2
-1056964608,17,15,49,3
-838860800,40,34,15,20
-620756992,50,97,27,15
-402653184,77,85,7,9
-184549376,16,44,45,22
100728832,27,63,35,24
318832640,26,41,5,29
536936448,96,93,43,10
-1996488704,46,34,11,13
-1778384896,9,52,46,19
-1560281088,80,67,21,24
150994944,82,85,6,9
369098752,23,26,22,13
587202560,76,44,34,9
805306368,20,85,17,22
1023410176,4,70,50,14
1224736768,77,60,6,15
1442840576,93,36,51,26
1660944384,1,13,13,31
1879048192,11,16,32,3
2097152000,57,67,52,7
-1342177280,46,83,37,15
-1124073472,52,13,27,8
-922746880,12,32,46,3
-704643072,93,15,36,22
-486539264,62,14,25,12
-268435456,90,99,50,19
-50331648,13,92,1,28
16842752,56,25,21,1
234946560,77,22,7,28
453050368,90,8,22,10
-2080374784,95,62,41,10
-1862270976,69,28,32,8
-1644167168,81,30,38,31
-1426063360,74,8,26,24
67108864,101,30,8,20
285212672,87,13,1,14
503316480,85,33,14,4
721420288,99,10,44,17
939524096,33,95,42,2
1140850688,21,32,12,13
1358954496,73,60,29,20
1577058304,5,46,8,24
1795162112,62,44,25,18
2013265920,31,20,16,5
-1207959552,75,92,40,6
-1006632960,75,47,20,14
-788529152,76,76,36,11
-570425344,85,83,40,26
-352321536,60,4,42,1
-134217728,71,11,25,2
151060480,30,54,28,5
369164288,88,51,14,3
587268096,69,31,33,18
-1946157056,14,83,42,3
-1728053248,98,75,35,29
-1509949440,63,92,44,3
201326592,4,32,45,27
419430400,71,35,7,14
637534208,62,11,2,20
855638016,44,53,34,4
1275068416,7,50,32,16
1493172224,42,85,28,9
1711276032,84,48,19,4
1929379840,64,70,1,11
-1291845632,68,7,16,24
-872415232,98,27,49,8
-654311424,57,76,8,6
-436207616,74,41,20,26
-218103808,40,68,5,24
67174400,92,55,21,4
285278208,4,24,40,27
503382016,62,54,41,22
-2030043136,52,39,9,21
-1811939328,49,67,38,24
-1593835520,19,59,25,22
-1375731712,55,35,46,17
117440512,12,42,52,27
335544320,81,63,48,17
553648128,47,33,28,19
771751936,88,53,19,12
989855744,21,66,41,15
1191182336,51,48,7,24
1409286144,30,60,8,18
1627389952,101,27,51,1
1845493760,11,28,26,31
2063597568,1,12,7,31
-1157627904,68,80,17,18
-956301312,74,30,40,10
-738197504,70,36,32,10
-520093696,5,78,46,22
-301989888,55,16,31,18
-83886080,86,14,29,8
201392128,46,87,8,2
419495936,29,94,27,28
637599744,95,53,27,5
-2113929216,29,27,41,6
-1895825408,101,74,9,10
-1677721600,82,40,45,21
-1459617792,100,49,37,10
33554432,14,43,8,17
251658240,76,10,26,4
469762048,67,43,51,11
687865856,81,2,40,31
905969664,22,69,47,3
1107296256,66,25,46,14
1325400064,57,100,17,19
1543503872,73,53,23,24
1761607680,10,91,12,29
1979711488,40,34,25,4
-1241513984,86,64,10,2
-1040187392,61,39,47,3
-822083584,12,94,41,1
-603979776,64,88,11,10
-385875968,88,37,21,9
-167772160,61,86,7,14
117506048,87,69,9,24
335609856,57,4,29,22
553713664,94,99,21,6
-1979711488,38,59,21,8
-1761607680,16,3,9,3
-1543503872,100,82,16,31
167772160,4,81,35,4
385875968,88,17,46,8
603979776,82,79,28,29
822083584,8,10,6,31
1040187392,84,23,27,25
1241513984,71,12,26,19
1459617792,80,51,5,16
1677721600,1,30,10,6
1895825408,6,20,47,25
2113929216,34,58,47,28
-1325400064,11,20,13,7
-1107296256,18,89,41,6
-905969664,77,76,36,23
-687865856,76,36,25,16
-469762048,38,63,39,11
-251658240,14,97,17,15
-33554432,80,38,4,19
33619968,9,66,40,25
251723776,27,38,48,16
469827584,92,40,44,21
-2063597568,66,59,23,15
-1845493760,73,89,2,18
-1627389952,75,43,38,9
-1409286144,92,4,13,17
83886080,83,23,10,30
301989888,48,52,31,23
520093696,50,4,46,3
738197504,8,7,47,19
956301312,70,46,20,24
1157627904,9,69,30,14
1375731712,54,63,8,4
1593835520,69,92,11,12
1811939328,18,54,40,18
2030043136,96,27,41,14
-1191182336,34,76,20,13
-989855744,60,13,10,19
-771751936,19,56,44,24
-553648128,48,40,31,18
-335544320,25,67,20,1
-117440512,56,32,46,1
167837696,72,18,13,19
385941504,60,19,48,2
604045312,49,78,22,17
